6619
1681
9990
1483
6356
8546
7022
1362
3856
6477
4663
5482
491
2685
762
4725
2565
6763
2195
7699
7275
1012
9617
9471
7589
3157
7340
8142
3822
8981
9445
8447
2215
127
6589
9052
5780
8213
1355
2430
6463
3749
2853
7627
6902
9899
9790
4713
1771
5584
236
386
6702
6081
6280
108
4185
9696
946
9974
4994
2160
4960
3489
4956
7543
1569
3929
2654
1810
3291
9992
4751
9273
7361
2601
6565
6427
517
6930
1525
3938
1149
6712
3446
1741
3874
7754
8928
9180
2338
8062
4230
1109
1002
9216
2932
7201
6854
8755
1166
1540
4026
7174
237
1598
4992
2665
6981
1427
609
7411
5847
8794
2031
5973
6767
6085
1275
5014
3659
5087
7580
6719
179
4770
798
3879
6540
1849
83
7301
2445
7222
8355
1168
631
2437
4961
1032
9411
4111
1467
5923
1464
9981
119
2848
5461
4216
7049
3403
2854
6946
4692
1562
3455
9987
8560
8967
2798
4845
9856
4497
3288
9956
4569
1223
4597
6311
5907
6562
8362
8408
1104
4614
7763
7374
3451
5217
9302
7615
7373
6161
7392
2177
3416
1352
6195
8594
8175
5171
8776
6913
4791
1835
4591
6850
5577
2782
1519
2410
8135
9968
6918
5387
906
434
5386
2051
3365
6878
6683
9231
38
4034
6480
9
9616
2650
8527
8491
3691
61
9558
3925
2716
469
4471
5612
1369
3640
896
2835
8750
1092
3672
9778
3249
9417
1880
9698
1271
7741
1901
2813
261
8403
9876
3846
7749
4700
4942
5858
5322
6585
5983
1905
1713
4189
1618
5316
1599
1268
3465
6124
2091
9720
5419
7140
7644
5190
7225
6960
1091
7471
7538
7515
6286
7604
4869
4272
1997
5970
3190
6454
5440
8192
592
8947
3105
1956
1437
3086
9211
3611
5615
9313
1642
4828
7550
2007
880
7855
811
3110
3303
7559
6531
7120
9005
1492
1811
6631
8528
6040
9299
3915
7752
7043
3058
1989
9860
2637
1833
7628
3314
2189
133
5508
2717
4795
1034
4369
3095
1688
1792
2814
4745
9764
9370
7868
7438
214
7334
6707
6929
9651
3794
3145
8178
4459
394
3944
5862
250
1970
7077
8942
6950
1162
7709
8679
786
6882
5071
3295
8838
9265
7001
5823
7570
5483
8685
8450
1221
7864
4557
4298
5814
1112
9679
7867
2528
1606
1400
1081
8998
4401
4785
870
588
5424
4052
9566
7519
9092
4690
8513
9158
4627
1440
1837
2680
6758
157
4955
2387
5257
4109
2866
2354
2010
7421
9721
2085
5091
3876
3585
5336
5789
3059
6007
2855
5089
6238
1301
3910
999
6117
4393
6440
3070
2767
4018
838
8046
3066
3916
6263
5968
707
9105
7567
7996
6955
536
1207
7945
56
4274
9614
2839
7983
7191
4855
607
4556
6706
632
6215
9022
2595
8324
976
7886
7277
9906
8297
4137
3349
8857
6704
231
5260
2831
2917
8915
5446
8500
5774
312
1872
9381
9814
77
4776
7942
4019
7861
1332
4460
5694
2206
9948
7223
6409
4825
3127
5597
4429
3311
4006
8872
9272
775
9640
1064
7349
5364
5534
1936
2706
9945
5343
2011
2739
2633
6761
9107
6436
9923
4399
3426
7219
2989
8697
557
7941
9545
8045
6067
7179
2327
9799
1580
1550
4949
1429
2987
5411
8015
936
3771
2770
6517
8312
1406
9653
7683
6239
5081
8663
7385
9810
6915
6162
9505
7728
2615
7242
2477
9966
9074
4351
6375
9096
5728
1151
1042
7113
7792
2957
8137
5477
7522
6243
4175
3368
239
1646
4215
2001
6999
4618
756
8382
9740
7452
6752
520
2660
1888
3790
5903
1065
325
8263
7158
122
640
1889
5449
4132
2316
8417
7818
554
8970
4683
5407
1249
6052
4257
2648
9993
1859
9252
2838
165
7286
9316
9390
2153
7936
4653
6945
2990
3001
6693
7981
1747
2629
326
7831
9800
6845
4629
4428
1542
4694
5592
6968
342
6860
475
8921
603
5720
3760
2555
4382
54
7456
6141
7780
5223
7611
1785
4406
6234
7661
1619
595
1319
9282
4941
7706
2303
2021
473
5117
7375
5054
5686
2787
1766
2444
5985
1927
7124
9035
7401
2714
7492
9113
1176
3731
181
7036
9357
698
6051
9021
9485
2150
1007
1894
5119
1068
385
9305
8399
7758
7561
245
7135
6314
4733
2578
7523
1552
2288
6526
9845
5296
2827
3493
3106
5723
7033
6892
5963
124
5479
9875
310
5618
308
4853
3385
7779
5733
6258
6958
4885
6198
524
2664
5892
7172
6036
8650
6394
3270
7396
9236
7843
5604
3107
2151
5497
7371
826
1320
206
7534
2118
7920
842
4437
2772
8184
7117
5224
4446
1877
6459
5951
4959
5436
1976
6435
9636
5731
5233
6986
501
5523
7919
6465
8264
9844
3491
366
5880
7934
3950
9343
8214
1124
8612
539
6249
5137
3612
2883
9371
2982
7418
3951
9234
2106
8636
7327
9509
989
8132
5443
1703
1687
4787
6306
2570
7211
2791
7330
2427
6813
5338
5113
7599
5751
2258
5591
1203
7419
5060
8040
8081
7324
654
4341
8171
18
8097
5321
9433
9142
7508
8254
3973
322
1954
6110
3676
1640
6622
6754
3430
995
4107
645
1209
1004
8950
7935
1202
4803
1565
8749
7143
2502
9346
4876
388
8432
6659
4870
3723
580
7310
9528
5550
1072
5663
7003
4454
9476
9656
9330
4816
5249
6061
3391
9465
6301
1158
7577
1709
1497
5104
591
663
7434
2604
9314
2171
4183
5124
7964
425
3219
3211
1316
4122
3063
1075
1716
4089
6943
507
4004
4110
296
3100
5773
490
1206
5349
7238
1239
7557
9050
9889
5210
1824
8618
5244
545
3518
3930
846
6857
829
9920
9264
8289
238
3025
3903
6740
4812
4738
5395
8022
7832
2810
599
6504
7287
567
8188
4214
3510
4827
3395
3415
3037
5366
4170
4247
4404
2426
3325
100
3285
5228
4756
5516
2830
5988
6252
5375
5004
3734
3247
1944
4288
9667
2641
429
8795
9484
6548
1541
6832
1418
3685
3492
8395
6799
6919
4301
8538
8352
7063
6178
9913
5082
3089
5012
1987
753
9138
5453
5447
2183
2089
6507
1858
7602
9869
7149
6060
352
8609
8926
5086
8783
6426
6347
8647
8055
5486
9917
5925
2540
3976
1534
4235
177
6623
7640
6168
6944
6160
2367
3104
7716
6276
76
1952
1820
1231
8360
9400
8955
3381
7766
5928
644
3985
4022
9312
5231
9461
2295
8136
8266
1478
726
2137
1560
8551
5126
7700
5772
9953
6636
6974
7938
8140
2130
7623
4799
4558
6484
3586
3169
4184
7085
9043
8645
3683
8336
9630
1214
2694
9230
6431
6208
4775
739
7982
955
6241
1164
4287
742
4456
641
2785
2348
4168
2357
9077
1520
1921
5160
7134
8189
6549
414
8257
9195
5582
8286
2365
130
110
2971
221
4760
1714
1053
1939
5681
7016
9353
8579
3807
8100
3367
7314
1734
6773
5220
9008
5211
1035
5868
2569
2828
5464
6121
8762
5437
2908
5381
7992
9958
8689
9555
9868
5448
3263
5135
8125
8485
540
8635
6174
3949
3906
849
1882
4984
5638
5109
9703
2049
4772
7673
4294
2951
4823
5585
563
5085
4059
441
1155
1953
2416
232
5400
2041
7303
7459
5705
8119
2474
9157
3364
1753
4438
4124
1808
5757
2924
276
4843
5021
930
4202
6808
7959
1090
6550
4419
9643
1208
4649
5198
6452
3814
6934
9971
513
3284
4895
2265
8752
9098
7569
9047
9206
7192
41
751
6171
1965
6500
6444
2204
9097
643
4367
9579
8529
8391
6998
8582
2998
1273
8006
8634
1662
8816
9996
725
2075
6947
9403
7617
7616
1988
9633
9521
3834
7564
1378
2125
5374
437
9116
7426
1545
1293
6856
6995
3936
6206
7057
79
6753
4967
1967
5238
5611
566
5058
9352
5186
5274
549
4372
8377
2888
1027
5687
378
5589
9515
7389
5815
8626
9815
3520
5747
9686
7911
4835
8393
9941
1136
8693
7979
9518
7926
5392
159
5778
8243
6240
8894
9589
5972
2964
8807
9608
9009
9612
60
1637
4820
8014
129
4849
4447
3171
5679
8716
3765
4228
8643
5140
802
8437
1692
3608
917
9436
8043
8047
7514
3067
2769
9055
8800
6800
1733
2916
1011
4545
3668
1337
3761
965
953
2048
5593
3596
4780
974
6423
1761
3884
1186
7695
1942
2976
1230
175
3784
6983
96
2608
4383
6916
6994
7784
7608
8300
2429
8809
6925
448
835
1610
7269
9694
4879
9893
5327
112
7898
7680
6689
1768
4084
2451
2721
2104
8093
5149
3792
1659
8613
8
6473
6005
9224
6380
5413
435
1762
3326
9219
815
9784
3332
2847
2557
8096
3757
1241
6895
1633
5897
2677
5598
2959
5108
8272
2805
4249
848
6223
4418
3609
5378
6579
145
2663
2381
6663
8654
1329
6072
8810
4891
7132
2969
5517
8896
81
1923
1605
9362
6853
328
9929
2129
2975
9131
8945
6552
4805
383
4924
8848
5059
5909
1033
5256
6771
9258
1929
8094
636
1296
7181
8909
8419
229
4581
6214
3467
5172
3948
5810
6300
3928
5981
8625
7151
7460
9835
424
2388
9516
9797
9809
5825
8980
5318
6582
7081
6648
9178
5684
7978
4348
5379
2580
9692
2335
6505
6936
765
357
1928
3384
5177
2482
5204
1170
8657
2967
583
3961
5242
3484
1133
2214
4830
1373
8292
5315
735
3851
4677
6352
5754
736
6446
6025
4343
6573
7069
4815
4840
1432
1103
4244
6985
3012
966
3766
2588
1644
8363
7794
3003
4987
7976
6614
7187
9407
3450
7062
1843
393
3224
8621
5342
3698
190
3156
6873
1167
3927
487
5429
7489
8678
998
2994
2073
7072
6254
8935
1454
6442
5444
1044
498
7759
6649
9791
2551
6309
3720
4603
3017
6646
783
9181
2564
2101
7346
6885
2519
403
6054
3956
3245
4482
135
1252
5494
262
942
2559
6774
3918
569
3934
1213
7798
5950
8079
1635
2579
7283
8449
7065
6535
4312
8672
5142
8317
6041
4160
8871
9836
4105
1376
3840
6804
1779
5734
5927
2116
2019
6987
4893
683
7315
8410
3540
9030
4232
6359
8116
6533
8115
6107
7507
4747
338
5298
938
7163
4646
2110
6297
6313
3227
3509
8845
3076
499
5777
7805
2350
2695
8662
860
850
246
8606
4422
6912
2562
6389
6163
7871
8290
4289
6970
203
2935
376
776
5917
1165
8195
559
9527
9011
7503
2347
5676
5057
1398
8674
8517
8126
5463
2548
6581
7914
3355
2099
107
7455
8578
5500
9713
5680
7005
4450
84
2135
5460
898
1183
9270
3628
6489
1114
7817
9110
3968
1737
196
890
5450
8098
5248
3356
1639
1938
6308
9717
9409
5428
1577
9697
8648
3319
2711
7930
3469
4055
2229
4165
4430
7711
3195
9100
9832
2988
8702
2109
4570
3883
3931
7102
8229
4680
8248
679
8587
5331
5953
9412
7248
1581
4695
1873
9808
344
8051
2313
2087
2356
9389
6129
7130
9241
6236
944
2764
1448
5804
3613
3052
3307
6795
6468
4373
627
7447
4562
2261
7903
471
6563
8510
8940
6938
7119
1995
4198
7581
4953
933
4567
1946
332
5279
9598
8705
7815
7828
4114
656
5431
3932
8839
2028
4479
3952
6966
818
9880
1791
5580
7138
6762
2657
1254
3728
5158
5512
6449
2733
1438
7939
8586
8392
4355
677
5826
4203
8012
4477
5701
4542
2618
8430
7297
2779
301
7028
6257
6382
6439
167
5406
6227
3153
5472
6616
5110
5390
2181
3821
7484
7332
6891
2364
9155
9590
9592
6730
7525
7243
8001
8796
2738
1883
3820
4613
2943
8596
3254
2039
9160
9839
2272
4134
8990
523
7092
1564
1009
4968
6698
9448
3710
5106
128
6511
4167
5901
4332
6901
6868
9408
9867
2047
6932
3974
7100
5408
9709
5715
8269
8707
1941
3139
2809
1217
3264
7029
6204
9478
3904
9781
5010
4426
8507
2644
2631
5247
7990
7282
8464
4424
9544
1188
8172
7653
4505
9303
1107
6875
4896
5860
7970
6686
9768
6466
7320
7105
3594
3065
5347
5055
6863
5906
2446
8456
6355
2891
7885
66
3440
2436
647
9184
2872
3887
1790
4496
2447
5243
7417
9426
4087
1359
3408
8708
7021
8031
6106
9463
8177
6803
9161
874
9434
2299
5026
1129
9583
7771
6775
9977
8208
4856
8975
3041
9774
6538
7446
9123
4889
9884
5538
7318
855
5952
689
8245
6889
2961
7689
9418
4394
9271
95
5652
4898
8323
2840
8739
6996
9801
9998
2655
3625
1106
1045
6172
8241
154
7470
8547
4093
2200
3280
9295
390
6406
3231
5949
986
2649
1451
5576
8049
5145
3172
3501
7931
5659
9130
1322
6610
9307
1171
5362
1348
2498
3283
8603
3924
5975
5838
3406
910
6684
598
1990
9090
3196
5743
6467
1963
5821
9301
170
8815
3762
6079
4758
4284
397
3865
5295
1922
9750
2326
2419
8453
8236
8371
7971
3056
5427
8756
9585
717
5818
4698
6627
2758
9440
7431
791
9577
1755
7998
3524
9506
9405
1881
3816
9637
32
9419
8501
3639
6017
8217
9684
7521
6273
3090
2979
439
6253
4068
1645
899
6142
2479
3173
1724
2035
1287
514
7546
7505
2788
9626
11
7804
508
1850
8441
2273
9539
3035
1694
173
1614
4936
7960
4263
1048
1396
6900
9111
5305
191
4260
1949
2794
8215
9874
1856
1725
5024
6560
9291
4227
1054
5915
5015
1570
5049
5503
1327
9223
9118
6248
789
1854
6070
4113
3583
7497
1823
7305
6084
6513
3217
8003
6811
3068
1538
8122
2320
3389
5194
7255
832
5619
3074
779
1484
4217
3210
2913
763
9254
495
4971
7957
4011
2469
6530
7708
4636
9924
3462
5017
3738
2926
481
5803
5490
3604
2096
6991
2304
7147
302
2166
4267
3642
1864
2312
8991
949
2687
3758
6718
9838
1776
4376
5959
305
2201
2228
9870
6022
1216
3136
973
7498
7078
7004
72
9645
4254
7462
8738
6638
4927
8530
8818
6445
102
3158
7909
4220
510
9858
6564
7370
7529
2473
6031
8728
415
3914
2062
7698
3693
7678
8878
249
7516
5994
7038
5881
31
4197
1434
1992
5899
6000
7812
2868
205
2597
1047
3250
8994
8534
9894
3926
9106
4727
1389
923
2931
9734
4681
4252
8020
8941
91
6607
8384
9004
5656
4506
1828
7380
201
1860
808
6066
8147
7835
3546
1290
4711
8911
3274
1157
2690
5139
6737
4126
6053
8086
4693
2585
8367
8105
5095
3947
843
1458
9080
8378
6403
9439
5766
5403
8570
5857
6670
37
1584
6783
3175
6639
2735
3772
8181
3116
5914
8836
2732
879
6242
281
4379
5301
2880
4057
1205
1730
4964
4464
5874
8771
2134
3021
5625
5072
395
957
7164
6087
226
42
777
4489
9669
7206
9242
4044
2144
5869
4771
2378
2550
1510
3799
6015
7144
3534
1620
5974
8768
4345
290
2494
1211
2915
274
3279
7171
9427
2298
2079
9946
251
655
5112
4470
1516
7381
3449
9031
4226
626
3187
4595
4652
9833
3435
9214
9712
3504
3770
4069
9267
883
7949
1576
8639
4676
9758
5272
3133
541
335
2671
8666
6506
5912
4588
5107
3593
7891
4541
7785
1657
3532
1689
7121
5690
3297
2138
5293
8929
1392
6671
6883
4098
7053
5969
4742
6529
3598
5300
708
7204
4736
7548
8284
3114
2858
5752
7702
3560
1422
2231
9885
6127
7987
8418
5977
3290
8828
8723
9914
8958
6852
6425
2297
5559
451
1732
9825
1180
2503
1229
4213
2710
3902
5563
9334
4788
3847
4875
4277
659
9401
4219
2841
892
7745
4731
5344
4449
5385
3690
1937
4145
1386
6213
5873
1131
5816
2218
9553
474
163
2008
6615
2141
9690
876
73
7116
9421
253
9179
6115
372
2499
8339
9058
7450
3125
3530
3135
5513
931
5168
3781
3418
3908
4553
9186
6105
4181
3671
634
1295
2148
3062
5843
3316
2705
1830
744
1774
4186
7635
4395
2958
9715
4974
1750
346
8019
80
6483
8937
3499
7524
3959
8490
596
3614
1317
2599
5894
340
339
3735
8460
5947
9840
5376
5103
8253
3497
323
8737
960
3327
6089
8345
3380
7406
2826
5849
9935
573
7565
951
5115
6695
9128
4863
1961
2424
70
2036
8602
1493
9296
4768
3361
502
7660
6336
5854
3123
6400
7347
8829
8861
6816
5908
6523
5993
7044
8162
2463
1634
1137
4764
9325
8788
8011
139
172
3300
6343
2289
9391
4576
2155
7448
3606
8159
7932
7308
55
2235
7235
1802
4121
3666
6196
7576
6703
2614
1515
9550
7732
9599
7592
8261
6586
3682
9269
2170
267
8986
5877
5337
7103
2790
9983
7457
4881
8521
4439
2645
6470
2344
1423
2752
2406
6587
3046
8163
8275
2960
3351
7823
9293
8240
6888
156
3712
278
3472
8219
8002
2881
5009
5921
5631
8877
3199
8646
912
4041
4155
1443
8720
8907
2789
2382
9841
1069
4251
4266
2072
4944
4243
3966
4814
5090
8234
6192
3252
1874
8849
2139
8067
3137
4746
1084
3558
7372
4838
1153
8472
5132
3323
1019
5542
6847
8995
3877
3222
3161
183
6744
6460
5468
3620
715
3360
1099
1401
8327
2901
3617
5485
6166
6405
3132
3498
4136
4453
2115
6641
2734
2596
8867
125
3842
2522
4910
3684
3376
8920
6957
8905
9198
2377
3717
6023
3371
5214
2929
8469
4065
8262
5941
9649
5352
4710
8402
9950
8194
2156
4766
7034
9831
3322
6558
8139
2889
7918
6634
69
4939
4781
2032
6601
1082
1719
9546
9811
5531
9317
4878
2861
2143
8325
4993
1455
6827
4685
99
9793
3182
4390
2972
1152
6433
2619
5961
3977
2255
6604
8082
5579
4403
3852
1145
248
9117
9136
447
2060
9406
2122
5492
1039
9033
4306
8129
303
2174
2090
1844
1934
4940
2483
7312
9812
6202
3185
4811
9674
1494
8476
3933
6354
7642
9288
963
8968
2276
4192
3838
6189
6600
9442
6534
7391
4720
6749
1666
6993
9628
3040
3400
4654
2920
8882
1955
9134
8757
2508
2172
3891
8389
6136
1289
480
6510
3826
2698
7636
1680
7736
9805
1743
2513
3004
341
1310
6911
7800
6362
6669
5667
6187
9339
8200
9930
1281
9523
2199
9369
6326
497
3186
3329
8550
2532
4269
3160
1259
9462
5555
7892
2610
3592
7943
1816
7486
8669
2239
6734
1147
604
9437
5658
1508
9891
8050
1391
2686
7541
3246
996
7598
2037
2850
13
3773
4985
1306
1793
795
7896
4290
9127
2457
4728
8024
5933
1283
230
1307
6271
9719
5521
4761
1257
5646
8197
336
7189
2488
7404
9466
5028
120
5562
9624
4633
3103
9511
5836
5151
6182
3233
5688
4392
3892
769
1228
9786
853
4125
929
2105
9006
3597
2009
500
4639
6199
8966
8766
512
5920
2431
9410
4852
6905
4035
6736
4515
1862
7159
856
1769
9256
7735
9221
343
1617
9191
3008
5613
1533
7986
8314
8902
466
1193
9772
5698
7014
503
8821
6065
8246
3774
3277
4086
7364
1245
3044
8435
3043
2442
5958
207
5332
9673
1729
3759
1343
5307
8948
4946
26
8653
8190
6441
6741
5469
799
1744
3984
1697
3080
5048
3527
1201
7836
3859
3030
3508
5467
7494
9638
7619
1563
5189
7224
88
3287
4931
484
6747
9514
1447
271
3643
7480
1000
2870
8533
7730
5197
4860
531
3960
4886
4587
6602
320
8931
5156
9779
5822
4375
564
6130
6358
9531
8442
4575
665
2443
5813
582
1285
242
8146
148
8166
8018
9666
8477
5692
908
7088
8690
5122
5377
6231
9960
304
2753
932
992
574
8548
4529
7241
2860
6193
6954
2923
4513
1702
8746
8095
3248
7846
2970
8301
1674
6801
4080
4630
6319
4777
2865
7136
9943
9538
6350
7203
7697
492
575
3559
9898
4480
8999
9586
9374
7321
5341
8846
4027
8580
5922
3374
7439
7218
3034
7093
1113
6033
552
2617
2341
2729
2797
257
44
6791
1590
5910
5884
5841
1192
5943
7386
7860
8199
9041
1233
5042
6342
2823
1578
94
7118
4638
9027
7802
3434
2859
4336
3115
3179
4359
8719
6903
5226
7582
8054
6653
1505
7167
9947
2846
1571
6323
7339
7313
4245
7904
3550
6292
4475
2778
2058
9394
6830
9804
8710
8881
6942
4188
9911
6492
6963
6402
3016
3579
9042
8977
6618
3342
8655
2412
5714
534
9989
7221
8288
2672
8823
2259
4644
1278
6661
8170
3541
8798
6073
5662
5844
1031
4672
4033
2283
3275
2097
922
7437
4957
6720
1460
7416
1857
2560
8307
611
9569
2684
2622
8486
5712
6971
3992
2124
7234
1745
4177
618
3045
3661
2930
5102
7583
9491
6361
7574
7257
7890
9776
2022
5893
8118
2661
1770
2573
7897
8637
4051
9727
2219
2937
3909
6628
454
8888
4062
5320
1699
537
113
8745
4526
5339
5097
8347
3390
5840
6694
9725
6434
2000
1931
9329
5979
3824
5232
5675
5600
9010
1902
2221
3476
7951
8727
9084
8085
6632
2808
263
5294
6766
4832
4149
4458
6814
9076
7409
3670
8242
8825
2692
1783
7748
2527
6315
6764
3736
4600
7058
7199
4455
7999
9247
722
4
9688
2226
6302
806
9859
213
4732
6629
5039
3635
2123
4350
8855
9896
3388
8462
9020
6201
5856
7688
8407
5258
2820
8763
5329
161
6378
3516
3377
862
5454
4319
9151
7215
8726
825
8305
6756
6824
3220
2098
3631
5380
672
3092
3763
2516
273
4100
2556
8953
3481
6609
8446
1539
428
3128
8291
5830
6004
3589
3782
7428
796
8370
2485
1951
1420
2825
8864
608
3641
6074
2765
859
6128
7940
7115
3373
2727
2384
3629
8830
1910
1915
4579
8309
9237
4171
4256
1561
4141
6122
7233
8764
3590
4510
2800
813
5213
5027
2432
6010
4801
1485
8321
1085
5037
7740
5154
9785
8004
854
6675
6098
6924
8511
1430
2340
8332
2407
6200
9167
9399
4193
1597
3581
9886
8037
7387
2985
4090
1869
4206
5286
9887
1288
3267
9474
9532
4061
1049
1366
220
5911
5410
1892
745
2529
5746
8744
4048
1608
4212
7662
594
3692
6217
6652
2945
7067
6032
6927
2103
5955
903
5100
8337
2893
4986
3751
1767
5997
9066
8542
3078
2640
8350
7961
8496
6225
1917
3549
2696
522
3108
9387
330
9964
9742
2747
1866
730
4010
6956
4929
3147
3802
5252
2691
2468
8161
675
9821
4053
6376
9104
6543
1470
171
2132
8592
3863
2675
597
7654
6699
7618
9232
5606
9144
3265
7962
2515
8424
6411
176
9997
972
2040
6879
8458
5833
2666
2603
5795
5187
4687
750
6532
4324
406
8467
9057
4503
5239
7360
16
1630
7356
9922
8353
8865
87
3937
4847
1865
8993
747
5061
3075
358
3336
7512
6640
7768
8343
5837
3414
9680
1567
7991
4907
3428
9210
2460
2609
6941
565
5002
417
3306
4129
6173
3742
8515
2884
2399
5514
5533
921
4970
8833
6320
5895
8445
7226
2321
9676
6184
6952
1191
297
3304
3333
4133
1622
7293
9741
1481
7264
9355
8786
690
5693
9540
4655
709
4868
5064
4522
7866
9260
9298
8041
9308
194
4800
5285
256
2590
2895
9025
7696
3142
6893
5179
800
5855
6642
9441
9646
4523
1094
585
8600
2043
9277
7607
4991
9548
5724
4333
8436
2359
1185
8874
8313
4586
4472
8562
9976
9846
5554
568
1796
1529
8740
280
1139
4329
1914
7906
9718
2904
9311
8042
3667
9373
3860
6014
9837
9708
35
734
3652
3305
6569
2682
7383
721
8711
5470
841
7229
4501
8030
5284
5282
1912
1173
971
4102
4722
4561
3576
6658
7882
3706
5254
3118
3748
3978
218
9909
1736
2194
764
2981
465
2742
1959
185
5673
3444
5308
8247
2120
4402
1003
1547
6443
6710
3443
5262
6711
5665
5926
6120
5745
6474
2232
1061
1381
1397
6322
6899
1782
9620
4410
4990
3183
886
9498
863
8285
766
2947
9672
696
7074
467
7047
7284
9112
4842
5848
1475
7336
7664
7265
7042
4037
1607
1377
282
3745
3726
1178
2046
8661
5074
2290
4723
816
693
1
6209
2396
4743
1058
5133
2417
5046
639
5025
1347
625
132
7887
3071
1441
5354
8440
2184
793
9678
664
2737
7071
4854
3637
8959
6605
5651
5564
8154
2906
2077
2371
2780
5196
875
4147
5000
4578
1735
5116
2681
2577
9707
3886
446
4050
8743
7267
6935
7511
3582
3359
5565
6260
6091
6250
2322
5853
1330
5164
3
3697
2892
7262
2792
4481
1950
5718
2700
7268
9078
2591
5571
7280
3495
5266
934
6521
3830
3454
351
6346
8898
1474
2102
4684
9168
2553
6134
8919
8599
5566
209
6063
7245
7290
5672
9524
6705
147
970
4047
6071
3362
5178
1924
4378
1029
5148
8394
5409
2949
2003
1433
347
4088
9202
3839
9752
4670
8009
7051
8211
7402
5851
8010
1652
5623
5365
4066
2111
7539
4282
5080
6363
9687
8282
4900
8404
2771
8659
4904
4998
3836
8143
8850
6093
1841
7436
669
5255
4917
2307
6785
7922
8732
7620
8640
8777
6598
9482
7775
1890
7633
4532
2275
7190
6545
3392
5744
4880
4571
5647
1253
4414
1855
1517
3647
1754
9847
6849
1187
714
7593
457
7674
8451
89
9283
9611
8354
8448
5511
6075
7020
7195
1943
4128
9877
5445
7625
6235
4605
234
4127
4524
2812
558
9783
7613
3972
4440
8698
8903
7878
8852
5495
3253
2470
3082
8979
63
4954
4540
7288
7837
7705
8198
8760
3458
773
3422
3299
1067
1399
3523
9319
2323
758
9209
8103
4859
8444
5721
1488
1682
75
9873
3244
3119
2455
6471
7677
4697
9969
9916
8209
7647
9255
8616
2544
3155
6501
7668
9602
1784
6011
5240
9013
5123
9228
3417
6664
1704
6388
4441
4798
3853
8280
3725
3662
4767
6176
5797
9641
4363
2713
164
9056
7127
3257
2802
4157
1867
2064
6135
6907
4818
561
3519
9470
1070
1884
6019
7872
8273
3292
3394
2086
4978
2271
4060
7351
8961
702
5590
1893
315
8889
4691
2024
1980
1993
8271
1632
1175
4221
5637
1527
7183
9446
1356
9061
2452
9722
778
8688
6588
5391
7344
6399
4547
9534
3278
3565
7176
2620
8489
6826
7881
7786
7888
9951
6904
6864
6293
7090
9816
1338
562
9517
8358
8843
9492
1323
6769
6846
9670
1653
3626
1405
2572
8879
227
1591
1304
6733
5581
2983
1711
5023
4659
8466
2907
5353
5602
3945
7974
8498
3849
878
9235
260
5251
2248
369
8438
3787
3178
142
7973
6148
9364
4135
4271
2182
3412
7952
3502
7258
7026
459
217
2076
3442
3965
4534
9141
4717
4049
8604
4848
1731
4975
3301
4997
1276
7230
727
9959
7646
7039
9657
6980
382
1111
4106
3331
4407
7733
2243
4641
943
2793
8522
6059
3269
4548
2761
9905
6429
1339
4388
3808
9397
8932
9792
8222
5401
6103
954
961
5235
8595
1526
2249
3732
1863
8954
115
3673
3850
4507
7076
7850
7099
1309
2269
8474
10000
9443
1490
3200
987
8819
5879
1500
8061
7788
5489
8029
2262
2852
1196
1920
821
5755
1128
7791
2380
9978
9777
7463
6077
6838
4762
5605
224
6559
6620
1503
8379
5560
4824
6982
4443
7295
8303
40
9040
7228
299
741
4208
6590
2598
2871
9048
4877
2213
601
478
3401
3921
8121
5839
3680
3193
1672
797
9591
5760
546
3713
3797
2530
8859
3081
8817
6841
2080
7306
6568
8901
2795
6687
784
2198
8052
9062
2886
431
7994
493
881
3453
3129
9347
8287
6823
9928
7246
2574
4210
1265
1814
5474
9115
9631
7468
4058
7596
2952
5599
2992
7899
1787
2731
1643
4831
3328
3939
652
5075
5689
1021
589
6228
9002
984
78
9934
969
4150
7739
4495
3791
3002
9904
2311
5852
134
8724
6034
1388
7329
9806
9029
637
4104
8545
3411
9842
1227
5764
1361
3031
6042
8811
4310
8748
3562
8512
4400
6650
4921
9900
7109
3636
5530
8066
3789
6094
9604
9456
7061
2342
7544
2517
7367
6835
3432
2821
1593
2363
5729
3344
5991
4007
1848
6304
3535
8709
86
2366
8206
2606
9863
695
9908
1412
3645
3866
3352
1238
3901
4686
8461
5350
809
703
8774
9190
3038
5118
544
3503
9163
1765
9912
187
6096
3083
7545
1424
2991
3919
9233
4516
436
1335
7908
9133
189
8274
8376
7761
891
4209
6848
6876
7568
9780
792
2107
5639
5317
4488
8342
3868
8070
1495
3340
7902
7606
8155
7107
1052
4078
3470
9954
2361
8831
7353
5650
4640
6332
3715
243
895
5722
8779
4797
8802
7744
587
9563
4223
9572
192
593
2112
5225
6896
9122
9344
2773
909
3776
9420
3324
2282
5610
3809
4829
5509
4740
7624
6807
6748
5031
5697
9766
4317
2158
6768
5044
9762
2743
3421
9359
9259
4293
3149
4660
2933
6613
7273
9493
4874
5616
4976
7496
3126
718
8310
5229
7251
2394
4469
2693
5371
1918
1308
3457
3780
4707
6851
6417
3413
6931
4759
7442
8457
6104
1896
9356
5937
2018
2750
5105
7200
7530
9438
8398
4337
202
6159
6908
4602
3986
2314
1838
4194
4187
6044
4682
293
7526
3192
6547
9378
9479
7165
7573
5702
5569
2760
4338
7368
5831
1726
6742
7693
5382
9600
6367
219
1746
8294
9000
6330
5432
7126
6384
140
6045
298
7362
29
2224
692
2368
5870
2584
7518
8588
5066
7432
445
392
2197
3566
2050
7719
6580
7506
4036
3750
9336
7532
4374
6651
1318
712
5264
373
2965
5888
9855
6917
9807
6123
1660
5166
7210
9335
8186
4531
3085
622
7790
1718
6920
1654
1656
5595
5834
7490
2014
5
5441
6759
1142
8203
5418
9324
8156
5289
5303
3538
1899
6140
2250
7441
3526
1093
5053
6259
3801
6479
1876
3148
20
7390
6262
1018
576
3600
6520
3616
2613
6482
6536
479
9554
6340
4744
8251
3445
8182
1945
106
7133
1360
101
2472
9472
2875
4463
755
6219
668
1636
8813
8227
5700
7089
9173
8623
8509
1676
4635
5842
8151
9483
658
7988
2025
3678
7874
2749
1346
412
7244
8110
1314
746
5006
4025
6567
9402
2561
1557
9575
8068
5291
5201
2673
9143
9192
830
925
2815
6475
2279
5125
5051
7645
2179
9467
9499
8518
4951
9761
2818
958
3724
8853
8413
9059
7007
2375
3140
9749
3688
9345
3260
2754
4081
4601
4016
5669
8383
9502
6244
4617
1005
1827
1037
3687
3655
8886
7895
5699
5193
1832
7474
2898
6035
4706
8356
2133
7993
8597
7637
1407
3627
9593
2246
7472
3379
1263
994
5835
1364
6979
2626
5850
3708
3272
6335
2874
5846
8733
5269
4906
6100
9552
5183
1105
9663
3817
1625
7533
2545
5726
4794
7651
6728
4067
1600
1466
3015
1628
2423
9146
7510
2310
6407
6518
6058
5456
7202
1596
5287
681
9159
2157
9263
6404
4473
1585
8675
7833
6973
6233
3396
6603
4552
5704
5035
8157
9318
6660
6519
8775
5416
812
149
3880
7704
3873
9120
5111
3796
8428
1962
3605
4143
9177
9644
605
4222
2953
6617
6395
6776
1224
4632
1957
1169
4476
723
1456
4981
6784
3743
5241
5030
353
2351
8891
7643
9398
8340
1595
2362
9348
8278
4609
4647
7294
817
7772
6777
3425
901
4611
2950
7690
216
6874
6288
9857
9979
3166
6348
5496
9623
36
5782
5412
1286
5396
3258
3810
8532
6190
3867
8039
6139
6992
4530
6539
4933
1148
4544
5996
6989
6076
9629
4334
518
3143
3022
4248
2639
4857
3427
5535
2078
8793
8048
7108
9376
3350
1174
7684
4484
24
233
9944
2811
7824
7527
2236
5357
1150
4947
3553
5537
5372
5649
7774
5215
9940
5277
1695
4462
2662
5812
2458
2723
1778
7015
5946
3979
1568
5798
4028
7884
4543
9581
8951
2832
8827
4734
9771
5820
1015
9864
5871
7184
1060
7713
3053
1543
6298
2095
6843
1023
2434
4517
5800
3651
6095
5195
2428
4704
8686
4901
7156
2168
266
329
6757
2593
6487
6794
6448
3023
6509
2670
3013
8543
3474
2471
8202
9942
7776
6451
9248
3479
3134
7104
8224
9038
967
9328
5827
4412
3266
7369
4752
2589
7298
7094
5404
426
1086
7622
486
2319
4979
8822
924
1574
9306
9866
2013
399
3943
7921
919
240
1740
1845
1847
7110
2718
2667
5438
9642
4349
9728
3296
7454
1387
4784
8584
6886
3798
2287
2293
9320
8244
8523
8569
6717
7052
1981
2656
8470
212
6574
460
9895
5986
8923
5655
9279
5713
7865
8306
6078
8785
4590
1270
9547
7161
6836
3570
3539
3218
432
6109
1549
9037
7035
311
442
2005
5548
8252
4864
7650
6360
8516
8348
6001
7755
2845
1390
1367
6164
2360
4807
988
8298
5574
1506
2509
7857
4804
2956
9093
8552
7413
7449
2725
6805
461
6692
9469
5016
4166
6837
2176
9036
265
1016
990
4574
3054
7579
6328
1509
4318
4769
9203
2332
6279
7641
5246
2128
9936
6181
7270
680
8824
4582
7873
8138
3528
9622
7685
4316
3578
1501
1589
8949
4425
3478
8712
3779
6665
1417
528
8028
9001
355
8359
9819
8220
6739
5312
5050
1498
6583
3991
2997
9541
2372
9683
1489
8963
5040
2175
5608
8632
1385
9699
807
1786
6802
2928
1870
1566
5245
6357
7629
4409
8673
8591
4596
5992
7337
3117
9820
1758
8005
3184
3404
2829
6188
7789
2453
121
1665
4278
684
3475
5092
5169
3805
2065
9012
911
3599
8090
6365
8479
9424
2876
9227
8554
2546
8701
284
5539
3225
2251
6655
7425
6245
9454
402
9994
3241
810
4773
3276
1487
8505
1232
8765
6317
9460
2294
586
1975
9239
2093
3315
7279
4821
6781
4612
2056
7560
2092
3480
6299
9535
4897
3890
2500
8913
2751
7376
3568
6247
9449
5763
9965
7146
6028
3281
9425
2161
861
5394
8988
7019
4204
1815
5792
1101
8304
9435
5864
3298
6810
6438
9382
6877
7594
5283
8731
937
4039
444
4354
6277
4467
9743
3783
7095
5769
7304
3996
6430
1773
1262
1210
8216
6637
4739
4077
8773
7326
9140
8565
5703
4265
7969
3531
9489
5588
8388
4032
7652
7975
8108
420
785
4139
1080
4218
5052
9384
3969
5505
5304
8326
1459
3212
6462
3870
2038
6476
5990
4174
1544
27
5865
1940
2284
6820
6867
9249
1409
3990
4651
6485
4070
7610
400
2084
6114
5423
8078
6656
7666
527
5146
6038
379
9664
4674
1678
1134
2196
114
3164
1269
4905
1804
8910
8465
5957
7782
5624
5532
6179
4162
8668
2238
1806
8630
803
7797
2582
3730
7925
5175
5165
1222
8256
6491
5185
1365
3653
7839
2999
3768
9817
7672
2863
6788
4928
4304
309
6272
8787
8316
7247
9358
2939
6458
1930
5253
9333
2894
3213
9995
2425
8232
6821
3554
5302
571
3602
5603
3885
367
50
2902
9322
7395
1344
8390
3271
8611
1602
2921
9067
5551
2403
5007
3174
9496
7458
1435
7249
7946
3061
2948
4668
1243
1777
686
5716
8373
2887
2466
2914
1062
4384
3312
5668
6782
8526
9850
6043
1215
9276
6842
8620
1685
9573
8684
1825
4236
3983
1380
920
7927
5083
2506
1212
4999
3958
4721
5328
1691
7694
9431
8742
4716
2187
5770
9788
9156
186
6898
8525
8239
5518
1442
6909
9601
4887
3383
9710
8735
5138
4550
8916
9661
6464
9083
7995
3619
3942
1669
6921
4353
5088
7309
8411
6685
1040
2922
6364
4380
7764
3343
7880
6050
8784
3289
8083
9286
5808
8218
15
9375
6819
814
4043
5333
2309
6220
9086
8174
3010
155
979
1135
5811
1452
3882
5292
6818
1974
4225
9452
1336
4667
831
5488
141
822
2441
8541
2963
2919
143
4839
277
4607
7123
752
2071
1624
2390
2646
8912
3981
7856
6806
4748
1722
8478
450
1096
9755
8614
950
5905
1972
8091
5832
5796
6490
3618
8866
7826
3989
9404
4982
3953
6183
9731
6624
6371
532
9853
4989
8537
7173
3235
8770
1098
5507
9892
433
8883
5630
6013
6338
3905
732
9706
3962
8984
6657
9137
1225
5645
6859
642
4621
1903
5170
4031
3542
1411
314
8583
6055
6080
6727
5971
4435
4362
5176
7720
6556
2042
6210
7531
9149
7131
3419
8862
1179
3946
5617
2576
2285
4182
5976
550
6318
1195
7916
2017
9349
613
2862
3358
193
2507
6713
3261
3911
7466
8665
3216
6284
6858
279
1756
2864
1839
1649
2006
7676
3020
2491
7483
7059
1024
3721
772
3439
9125
8044
5741
1655
9081
9921
6497
9007
6594
1251
5932
8425
959
3567
8601
2136
4952
9034
867
2400
2
5181
6515
3572
1059
8514
3483
3334
1788
3545
9635
2740
8109
3537
9826
4502
9925
9843
1219
4408
7562
700
3844
2227
9309
268
1240
7714
387
3463
8452
4413
6413
2002
8034
3223
2722
6175
4779
5192
8519
4307
8875
313
7692
6681
2776
9204
5753
7686
8221
5824
9654
3357
8964
2558
9154
8502
7030
144
5622
8057
719
1948
5965
7037
8676
9991
7152
2934
8207
9871
3397
2270
9854
8415
5678
3317
9392
7947
1436
5775
6016
4433
1764
3159
210
2668
6457
7717
7760
2346
3561
8330
6057
2653
3955
6419
6679
7849
8295
7491
7769
8642
8971
7590
7213
1242
5422
1821
4352
5939
6967
1008
2938
5261
2867
33
8074
3409
6186
509
4656
3657
3896
7659
2331
2484
6049
8965
1250
5173
5163
4144
9064
5898
8187
7588
5696
6701
823
2612
7585
363
2942
6082
1831
4871
7967
8144
5544
7271
4858
294
3141
1226
9625
9813
9185
3718
2537
7731
4851
2511
9218
199
9197
1536
1575
324
4796
1958
3032
3393
1220
7384
5670
6432
1803
4778
4498
5671
5768
374
8064
9481
5794
6281
4291
2108
2318
7808
9822
5340
5073
6508
1063
5807
6345
6870
5150
7464
4056
4560
3638
5527
1708
3177
8013
8619
5157
504
2581
4461
6289
228
7487
3202
2833
2402
913
4173
7591
8930
8421
6962
2121
1583
8627
7278
9756
1588
1439
4969
7424
7168
9094
7537
6770
1144
6765
2244
6546
289
4368
8842
5936
1594
9262
4913
371
2586
5114
4492
7806
7091
222
1334
6383
5876
8799
4347
5493
5011
4158
2167
4151
2890
4097
572
7232
1925
2464
7239
9748
9488
3354
5131
7723
6494
4451
4789
7435
1303
9618
3091
8812
2401
8934
1706
360
9174
840
7984
8420
7675
8133
5218
9350
3024
5202
993
5098
5543
2081
3923
8281
1752
7944
184
7098
4525
8644
7139
1115
3151
8409
4669
2651
4276
9609
7966
3494
9736
4679
462
5351
9794
8790
4782
1043
4520
7718
674
606
9257
6937
8141
1926
4241
1140
6021
5601
6455
3452
5786
9570
9753
8308
195
5481
4593
556
319
5761
2067
4118
5657
9730
4229
6334
4411
1846
4965
3871
2602
7621
1425
1511
7639
4565
1996
6724
2142
5003
530
5205
7838
6329
1935
9087
6150
1141
9562
146
5890
900
6333
2510
1556
4391
6278
4580
801
8071
5954
4527
9089
2842
404
9363
287
2069
4813
7025
8134
1294
535
3603
5078
2652
7150
3982
3203
5433
7125
630
2306
3375
2421
1292
7587
9065
2583
3663
8897
4323
9266
180
6990
833
1623
7963
6672
907
7208
5222
9003
4702
6137
2260
5875
6834
5034
2974
1146
9932
1421
7707
2534
8573
9360
4873
5999
458
7012
7476
5130
5281
7626
8329
4358
3529
6111
9261
6566
1237
7595
1326
3563
6155
975
8035
3788
3121
3313
629
2766
1130
4239
1840
4930
4371
888
3756
8699
8895
8946
4079
5359
8860
8167
941
4648
918
2454
7217
28
7307
3827
8844
1087
7681
1631
6185
4296
4642
7558
2538
8113
5134
4935
3485
6608
2984
7601
6865
1799
9907
9395
2784
7829
7388
3318
5358
7634
2636
8434
6599
4753
9165
9754
6512
8117
4346
623
3767
7669
543
8183
1868
8204
6667
7907
5182
6397
5828
3273
2869
4297
7773
8925
138
152
2689
5013
6374
617
1994
8835
1333
4511
2625
985
3482
408
6203
5960
982
713
9584
8983
3069
4161
3471
430
6503
964
3803
7377
904
8374
7810
768
7357
2851
1118
5129
9675
3753
2450
7910
3964
506
14
4283
126
9588
5426
6408
624
9714
8368
7862
1842
3215
25
1121
4264
1267
4313
5806
3681
9365
1428
4715
570
2701
2334
9414
8681
3221
6369
4190
472
9513
1331
3097
6755
2878
7729
2203
5648
65
6046
8021
356
2642
3228
1554
4564
6872
9188
5152
8038
1531
9610
5900
676
2393
767
5587
5759
5706
9338
6373
6132
1256
9054
6428
2191
307
3079
2337
9567
4718
7542
3294
3607
8369
8056
1611
3338
488
7429
1991
4015
3436
4675
3050
1518
2345
1305
8973
3650
5323
9862
2896
9973
4364
2391
4085
4966
9926
2836
4573
2525
871
2856
2954
6721
482
9108
3310
8077
6410
2462
8633
2438
8069
9802
4270
8145
612
3812
9341
7445
8060
7721
5402
4566
9477
1900
9290
5717
8797
8212
7405
4008
2658
828
8320
1648
5771
5128
600
9450
476
3441
4696
7869
4159
7879
407
422
2202
2164
9079
5471
2373
7793
1260
9274
9088
2343
4045
7737
318
4666
3150
8574
3658
3997
7481
6312
737
4841
5127
3308
2634
7950
9522
650
4861
1371
7194
1999
560
1661
1701
6953
7799
2909
4176
3804
8080
5929
4191
7451
9196
1836
3488
748
8605
3131
991
1651
4833
398
67
8131
8652
4802
5280
3555
6708
1504
7420
7825
5268
7453
6377
8148
7
1546
2873
1395
1812
2461
5987
738
7198
5384
4387
4328
5552
5805
1629
661
8834
5219
6024
4883
1463
5335
7477
5191
9560
834
3660
4224
3437
3922
9285
4521
12
7900
7422
1829
9379
525
2549
3704
4398
2209
4504
2542
5203
5902
1978
6933
1010
4938
616
6680
6528
416
9765
58
3705
3496
6591
443
6344
9294
6977
5345
9280
4231
6645
827
9071
8150
3954
1473
2117
7876
4153
3337
7915
1707
9732
3737
3048
4063
9238
8191
885
2256
5765
2193
1891
6726
4518
5620
1077
2728
6635
9169
4623
3049
5682
8267
275
6527
3855
1763
6884
3719
8387
6126
4920
8751
8628
5311
7901
2678
9182
5819
4606
3556
3624
2016
9872
4386
5442
4977
1020
5545
7170
1311
7240
9639
9647
6760
3778
3815
166
8885
2993
9340
9737
2253
8124
5695
2162
1667
5265
4094
5636
1416
865
5966
9634
4001
7528
1601
9828
6396
1985
9685
2376
905
4432
5167
1394
7311
4616
8027
2638
7691
7734
5627
4737
1383
8960
3420
2834
1046
6283
939
3654
2504
1757
5334
4834
1969
7083
5783
3180
6090
9323
505
4092
7073
5200
8311
3888
396
6525
5094
7781
4988
8127
3811
5290
1879
7365
9933
2349
2630
2819
3995
2995
6869
288
8463
1514
7485
5439
49
3752
1700
4330
2317
2422
5719
2329
884
8974
4246
5643
6266
8228
5141
1393
8299
6133
8422
3754
6514
9284
2392
1705
2186
3588
4082
8722
1555
7137
653
1772
8338
8780
6621
2467
9099
2211
6177
4757
8000
8233
419
7002
331
638
9039
4554
4356
2173
7811
7335
5276
9300
1898
7355
2669
649
9549
5502
1998
9396
4712
3242
6353
7631
2592
39
8084
9383
410
5904
2415
7603
2476
3204
8351
7777
2481
10
1817
1340
9919
8858
6224
7467
4148
377
8670
6542
4250
1895
9082
7929
1693
5529
8696
6027
105
2554
9129
8982
4327
1300
5737
2286
4932
6222
6144
4890
7227
3755
464
9834
1472
2512
5093
1055
1277
8952
6310
4594
3255
3893
3005
845
7027
3028
8524
872
5787
7260
9769
5457
9495
4420
3580
8617
8725
7266
2623
7469
348
7551
9422
7473
6668
8908
7783
805
2804
3382
5934
3857
2552
3236
7687
1282
23
1372
327
720
3138
5056
2152
8016
8736
2918
4103
6113
6797
8936
8341
5414
5739
7535
1670
6570
9597
9046
3341
463
4444
5234
2493
5159
1190
8059
370
1138
3543
7080
7423
4465
6325
6003
628
9745
4281
3920
7665
8841
9525
7427
4119
7638
6305
153
5736
317
453
4662
45
215
858
8540
6498
824
6026
3701
6083
1189
9245
9883
5435
7180
8789
2439
1154
577
9621
6229
7145
8260
4074
2188
8854
9952
3864
662
9212
1727
8806
5570
3935
365
8328
8386
4003
1559
5785
4688
5586
9451
4115
283
4494
4604
9865
1532
9200
7017
4983
131
7989
3514
9705
3988
7795
2697
5487
3346
980
9927
2385
9782
2330
7724
9428
3806
9542
5635
5383
1482
5032
4042
1641
1886
208
5956
3087
8863
3898
6787
3634
1410
1313
3120
4539
7148
2704
8972
1156
9075
5068
2169
489
7475
902
8938
3714
3769
4285
8385
635
6778
4514
5568
7859
7261
2369
1354
1723
5948
4431
85
9268
151
521
2114
7738
6880
7905
6544
651
6839
962
7667
3777
3259
2977
3167
602
5788
3703
6481
5740
4866
5942
2358
945
1413
9207
6386
6385
1852
8873
1551
8887
2456
7322
4792
4130
4344
411
6267
3739
4370
2837
7478
337
2756
6796
5641
7552
6154
7819
3073
6056
4300
7803
2267
7750
6119
1469
5861
5685
851
4261
7079
5596
8026
7101
6147
6965
9014
6743
3238
5208
8962
1199
6170
837
8717
7612
1312
1235
7185
9746
4628
4995
6102
211
935
8268
9970
6792
7656
1686
8692
6472
710
1431
4335
3366
8563
160
1887
8631
59
6447
1523
6092
8153
1507
3729
1453
1079
4817
1966
8443
6738
2180
9556
1298
2712
252
8344
6984
9372
169
3286
1161
9733
9152
3665
7822
2353
8196
7276
4996
7440
8914
9251
2946
4112
3963
4308
3686
9135
3060
6790
9032
3398
7578
6216
2730
1553
7064
5980
9980
4322
5373
8890
9243
3837
8704
3897
8792
5541
5674
8493
3347
4701
2389
5101
8758
5558
1234
4719
6153
5878
5314
8102
1022
9229
5725
6789
6086
2911
5459
9172
9533
5779
8380
3727
5069
8361
9773
2220
1001
5001
9361
2786
1480
4275
7068
4926
9016
9380
8497
1461
2044
7169
4533
8598
8918
9561
5666
1126
7504
9430
8900
7299
5887
9508
2741
6630
6779
9413
9091
6337
8585
771
1160
1457
3835
5319
1302
8671
3176
4234
7801
2505
5654
694
4934
8997
7010
3980
7343
6437
258
1375
621
2567
4708
8581
8401
9226
3664
3198
4073
6450
9716
3000
5945
2912
4568
8412
7114
2816
657
5306
2707
3912
9681
6261
5629
4457
4299
5425
6006
3098
483
9824
4837
7499
452
4483
8939
2465
6780
4598
3632
8544
5913
610
4538
9416
438
7160
4724
1971
6418
7875
7657
7513
8023
8302
188
3027
5978
2775
8075
7216
9711
4123
2748
2531
3800
1122
6561
7586
5653
6700
8423
5735
6750
3088
6156
6112
7153
8366
6390
254
997
8277
5691
3615
5732
3913
4916
9459
8567
9468
7166
3181
5415
3191
8520
7075
2207
914
1780
9915
685
7972
8687
916
4844
405
6862
3399
9691
3102
3240
6926
6303
6268
6709
8223
3093
7011
4867
7917
2783
93
5236
5174
9659
2777
9605
8572
1751
8682
6143
2020
7877
7348
5525
9051
9213
1979
3339
9326
5660
2305
9321
8992
5567
362
8667
6976
4699
9677
6039
3146
8695
7274
3544
2843
4023
6088
9126
2339
9018
5361
8880
3486
978
9861
7341
706
7778
349
1321
5259
6370
7342
8761
2877
8957
2374
4583
2386
5989
7488
5368
3507
9757
1100
5465
7066
2822
9217
8468
1613
3473
6735
5575
1297
409
7955
4589
687
2268
4943
8499
4661
819
7928
782
8072
8128
7122
4064
5867
1960
8473
5227
2925
8431
9530
3917
5767
5931
2882
977
2352
4973
1522
6366
9019
1908
4101
8564
1198
9331
6372
3468
9704
3649
9760
6951
8381
136
6988
9963
4643
6009
3124
889
118
6099
1626
847
4689
864
9447
4434
3511
4925
8455
1721
7317
6928
3232
5781
2676
2607
5916
8063
6677
3674
5047
9045
8053
9770
6212
3369
4783
8927
6138
2547
109
9292
5019
5790
6116
1083
8349
9246
3039
6018
9423
3209
264
1450
9166
92
4466
9557
5029
2131
7746
4915
8607
3785
4095
3047
9655
6331
6207
9063
6068
1017
1117
5324
1698
3601
4416
3402
8492
6218
1871
5919
6690
5096
1794
1030
7549
2205
2910
4487
6469
200
4709
3872
6097
5621
6644
7767
1800
2807
5475
361
8406
9205
8076
9878
9171
6881
7444
1982
952
4918
4793
3154
6682
7209
9487
8555
4163
9145
2413
5363
5397
6393
6478
2398
2383
2627
8168
8165
8333
8535
788
3900
5180
7060
8868
6412
646
3696
1919
4342
6861
6
8622
2763
6414
6969
5801
3029
1720
4584
9170
7715
7820
3889
8837
8700
3695
8120
2501
5480
4200
7912
7893
9796
272
7575
4537
5944
7648
3009
1255
3163
8713
8025
3429
3372
6997
6422
740
3525
9377
6571
7762
9132
1248
2745
3335
9881
9803
9519
4178
5710
2944
3282
9015
2074
3064
2566
7827
7319
3487
2719
9497
4726
7338
3466
3843
1627
3845
6368
1710
3564
5791
3055
9574
5005
8334
3571
1612
9510
5556
9153
7556
3239
5330
5661
754
5730
4559
3675
5536
1056
2539
2280
2370
4117
3536
2897
5491
9882
3591
8892
1246
74
1444
9818
4396
6180
2968
9069
3644
8561
2145
4280
8924
9073
670
7128
269
7410
3144
5845
1200
9982
8130
4195
1026
4678
6101
8781
7809
9453
3775
5784
5270
5707
7572
6597
2057
9072
3694
1419
1486
8683
887
6691
5938
6424
7263
1108
7977
3330
6290
1325
1477
619
7040
581
787
7129
5466
4950
8660
5367
9176
3464
8531
3026
3548
6391
3699
5036
3321
3207
5389
1813
3101
4774
3858
9988
7256
8870
9955
6553
3370
4790
8814
6274
4519
3230
6576
4452
7252
9798
1197
6828
7433
2300
7220
6541
2405
6714
5275
8577
8714
3387
8996
9689
7018
1116
7296
8176
7316
4563
8089
3515
7177
6265
5499
7379
9632
3899
7933
6502
8568
9486
5866
1013
6959
1795
1512
4017
1414
3205
4912
7679
4899
8107
614
3051
844
2291
3832
579
3841
8638
3320
6939
8427
2154
9665
4903
2433
2496
3813
3268
8439
5393
8193
8847
8375
3513
7956
9652
4146
2955
8259
3130
2149
8315
2899
1028
1834
7787
5829
9244
9367
5033
7756
5520
1916
8933
4075
5982
2292
7430
9744
9351
9594
1805
5594
7070
7547
8851
8008
5212
5891
5188
1809
3438
5561
4303
4620
5121
927
1738
2575
8092
4485
2533
9101
7331
7096
6948
1875
4302
1123
1050
3971
9660
5708
5076
9366
9827
8007
8832
4331
1280
9723
2632
7363
46
2849
1119
6611
3423
3302
380
5882
6906
2759
5421
4024
5063
9918
9615
9507
7188
4872
3345
4357
1973
2397
6392
162
2070
7175
1742
2535
1502
6654
5041
1759
9890
648
4551
2900
5067
3188
3861
3878
4819
5136
1120
3993
2127
7554
4340
538
7517
519
9578
8396
8494
9901
5546
2647
3122
3825
7333
456
496
5918
9559
948
7658
6062
6606
6002
2083
9332
6522
7663
5889
633
9662
4325
9444
9208
427
6291
9627
869
2234
5524
9879
4258
6108
2543
3077
1345
1261
1749
9795
295
8158
7753
3630
6833
678
2222
5271
7958
2192
17
9222
7757
2487
8414
8160
6232
7848
2216
2126
9682
7851
285
6495
3072
1530
7479
3251
7054
9049
3998
4321
7207
7259
5417
8576
1284
6205
9194
5356
7106
5405
8656
8114
757
6256
1537
5924
9830
2023
1851
8429
2536
158
5473
4585
286
8721
6817
345
1789
4116
3363
3099
4436
4474
7571
3407
8767
8976
3828
2277
8265
8504
1159
9183
615
6327
7013
8112
7178
1357
2113
9103
1274
1476
8557
3165
1968
8484
3111
1408
4309
6131
3214
2140
3547
168
7501
4233
4850
5155
4625
6772
1664
4131
4361
3677
5540
6798
9119
8164
5727
2411
8989
5799
9053
5084
9026
3957
7032
2034
6270
2278
7345
7765
8488
97
9017
9695
1572
8293
90
1616
1906
4882
7000
8590
3170
4397
6030
9175
760
2409
5310
4664
5297
1947
7097
7086
6496
5886
2817
1415
7302
4499
5199
5230
2621
1095
4923
8566
5501
897
852
1088
6524
1353
9458
2190
1342
2746
7193
4592
9526
6020
4705
4262
8754
6456
8556
9536
2524
6829
5510
7300
1244
5273
5008
5930
6625
8808
48
7253
1984
2679
6237
2245
6825
4865
7414
7045
6294
2703
8495
8876
4528
9529
259
9949
3595
2159
2146
2674
6275
333
5458
3348
1236
6295
7250
9220
9580
9500
2404
8893
9289
2459
8475
9582
4314
6158
9902
6379
8589
2420
3633
4012
82
4634
2418
3741
4389
470
1363
3234
9393
6064
9595
1573
2768
455
9023
9429
1801
4902
62
705
2208
8169
5549
9342
2688
7412
711
3656
1496
8111
2475
9193
8276
6381
9215
2435
4750
1299
4962
9085
6453
4268
9494
316
198
8680
485
7162
8017
2941
440
7655
1673
2521
5738
1315
5398
3975
5809
2520
882
7712
9668
1885
9432
5526
6461
3448
5325
3162
47
9199
7751
4295
2978
5070
8123
3461
5326
4240
5583
2233
43
2720
4311
3194
5628
418
494
7536
225
9095
8205
3894
749
3197
401
8149
1097
1909
4255
1350
5206
2100
5161
3042
2523
3940
7111
8944
3869
8615
6486
4211
1807
9368
9044
3829
5462
2757
9829
8791
178
7844
1462
7600
4377
6831
1679
1132
578
5967
1528
1041
3744
7006
3875
7747
5045
4490
2744
6815
6866
956
2986
5065
2053
5664
3237
804
7722
7400
4238
3679
4810
2774
9503
1403
4253
7495
4806
3621
2054
2395
1078
7937
9337
9607
7009
4427
3014
3033
5547
9619
5940
4755
5578
1341
2936
5388
7281
4509
7889
8904
5506
928
6612
7965
270
1382
1446
4445
9147
1184
6269
9939
6341
7378
53
2223
5756
4366
9729
1897
4937
6537
350
9972
8483
4138
3823
4360
7050
8840
1775
8706
7948
7847
2905
2492
1690
9984
2563
1218
9109
5644
5896
1878
6493
8283
4980
5267
8759
5553
3622
7726
52
1715
9315
3243
9564
716
7563
1728
2594
5709
3208
7796
4741
9121
5370
9986
2178
4714
7394
7350
6398
5642
3113
7852
9724
1983
103
6592
5434
9568
3378
4512
4169
7923
6339
3702
1524
364
542
4423
9386
6151
3447
9852
3500
7870
4919
300
19
688
6029
2045
3574
3648
9068
2635
7155
2012
6696
468
6152
1964
4142
9543
7997
8226
7046
7087
9415
1426
6697
306
7041
729
3907
1057
5609
673
3819
182
6786
334
7520
7461
5346
6048
9671
3512
893
6593
1194
2408
9148
8869
3459
6722
9565
7142
6287
9297
8718
4179
9201
1853
7366
6191
197
2212
2755
6296
2247
3201
2241
6922
4040
1182
2514
5207
68
6118
8179
7407
368
8258
7024
8318
1471
774
8772
4908
291
2230
6551
5935
137
3229
6037
1822
2033
4154
5147
2526
9457
8173
6840
8649
6421
7112
3862
6716
3551
8805
2252
1468
6633
8471
8610
6145
6662
4468
515
2263
5885
2709
691
3733
7632
1748
3569
8691
2266
1351
4442
9787
1036
8230
3011
5504
7393
5184
3353
731
5883
8575
9250
4021
8677
7289
9114
7894
9596
8906
1404
5020
9278
1272
4417
780
7382
7214
620
4415
6167
2801
4749
5478
4046
1797
704
5062
1025
4320
6285
1579
7710
7725
2715
8506
3786
8255
1647
3999
5043
1328
2616
5802
413
8943
3895
6676
3477
1933
7197
7863
2702
2659
6211
2940
1675
5750
1291
3517
6420
7358
4972
7008
9028
4030
1603
6844
9767
6197
8658
8803
8152
5313
968
21
6307
5711
7509
5776
2030
8826
4729
8185
8416
7502
204
8571
7031
8508
3057
1014
2257
5143
2088
2119
9789
526
3552
8225
244
9464
915
5288
7291
3007
2055
3833
7323
7398
584
3967
2736
1006
9658
3506
8536
8651
98
6688
7727
223
6251
6226
6793
2587
6666
3746
1798
4029
5309
8549
3521
9551
6978
4014
4072
2495
6499
8088
9999
3740
321
1558
9504
34
2699
820
6923
4555
1861
1204
5872
666
2490
1911
375
9385
6894
4279
9823
7605
1349
6678
7841
8235
2237
2059
857
7701
4862
4381
4894
671
1358
3018
547
477
1247
697
5749
2225
8372
2568
7212
7237
3505
4076
836
7272
7399
8641
7500
104
8250
2781
1609
5451
7354
9759
8820
3881
3577
4626
3386
7254
9739
9139
9520
2726
8249
4099
4826
7141
4948
5863
3109
1638
8703
8487
7985
111
2824
6596
6871
3256
6221
4385
548
9735
2355
6578
1712
6557
3987
1102
5683
9310
6584
8073
5153
7630
5634
770
866
759
2611
9388
8106
2333
9287
8558
1587
8296
9726
1650
1684
1073
6349
9693
8405
4508
6230
9650
5209
6855
5038
6961
1181
1491
5476
7682
9606
6255
4608
6316
2324
4120
1904
5614
6890
2015
1604
8480
6194
3646
6554
9571
22
3431
4657
4809
2480
9164
8753
4622
3152
7056
8664
117
9576
7325
8715
4922
8397
4020
1479
3818
9700
1051
2903
9475
6725
2449
8319
1521
4199
877
7924
3226
4421
8279
5250
3533
8734
6008
2440
7352
1125
5348
868
7883
7614
8400
8917
2879
4486
7196
1266
555
7359
4156
1615
940
7482
6723
4108
9537
8608
2414
1324
9327
1163
5099
1932
511
7649
7854
2217
6975
5216
4546
4500
4673
6746
7465
1499
6264
5557
8987
8237
2796
4892
7670
9603
9060
6673
7858
5018
8747
2063
5420
2518
9961
4002
30
3689
4071
4286
2027
9162
6401
6914
2541
5515
2301
4945
5572
3610
5742
5237
6626
8433
3168
7182
4237
9240
3722
5022
5793
2296
981
9967
1513
2486
7397
1465
8357
4292
551
2242
8769
8729
5626
5573
247
6282
3747
9189
1445
1071
4631
3490
3433
5484
8503
6125
9910
4083
2254
9275
3587
1172
4096
9124
2885
3831
4786
4619
4963
3189
1066
4703
3700
8331
6047
4315
9975
4822
8454
5360
6516
3707
6324
2799
4671
5430
2185
4205
9848
8553
7968
7493
7186
3764
6488
3573
7954
4005
7205
5399
2478
7157
3522
3094
4180
8459
6415
4888
2328
9957
4836
4405
1038
4196
6572
1384
8033
7845
1402
8364
8624
8270
9648
57
7154
5633
1907
6964
9587
2029
7743
8210
743
8804
6416
5498
3206
2147
9775
3309
1592
7609
4909
9985
7553
3460
3293
174
6887
947
7807
8087
3456
1977
3006
6643
8778
1370
3019
7834
9501
7671
3112
7231
9751
8058
1671
51
5528
6745
9613
1177
8741
7055
873
8104
7408
4536
2962
1781
983
2844
2302
9937
6729
9024
2628
389
4665
1374
6169
4914
2927
5162
4911
6647
4259
7770
2026
5758
255
1076
1143
4365
3584
71
1074
2605
8099
1586
3793
3970
3623
7853
682
5079
8884
449
4448
8036
8730
2004
2240
2281
2973
3405
4846
6972
7415
6321
6149
6674
6715
781
4339
839
1826
1258
1621
9150
150
590
1264
8801
1368
4207
4599
5519
6246
4491
5120
8969
2762
8978
7084
3575
761
4624
8899
2724
5998
6751
9962
9253
3669
116
8559
5962
8346
2643
1760
354
1986
2600
3036
2264
8231
7048
2980
2315
2624
2683
733
4201
5355
7584
7328
6157
4549
2210
7830
1663
4610
1127
4765
8629
7555
3941
8322
2336
5221
9897
7816
794
2308
9849
533
1818
2163
2068
241
5632
4009
8985
5762
2061
3410
1819
660
4535
6069
7292
8593
1717
3711
8238
9903
4754
4140
6732
4658
5607
2082
8201
4735
1279
6165
8482
7980
9738
1913
728
9851
2052
7540
667
4013
5452
1696
381
2497
3848
6012
7443
2571
2806
6387
8032
7742
9747
8365
9225
1535
1668
9480
2966
5859
9187
9888
4054
516
6577
5369
1582
4164
701
2803
1677
6809
9701
384
6555
1379
6595
1449
4577
4650
2325
1089
6812
8426
2448
4637
235
7285
4172
8180
391
3854
6351
1683
4038
5522
4305
8335
5984
4615
2066
421
123
5299
5995
5677
4763
9281
6897
7814
4326
3716
5455
64
8782
8956
9455
292
2274
9763
9473
1548
3084
529
9102
1110
9070
5278
2857
2996
894
4808
4884
5640
724
4091
2489
2708
7597
3262
4730
3096
9931
1739
359
6940
3557
8856
2094
7566
6910
5748
9354
5144
2165
790
6731
6949
4493
7236
4572
4242
4152
3795
7813
8481
8539
3709
553
7821
4958
8694
699
7913
9490
9702
2379
9512
7842
7840
7082
9304
6822
423
5077
6146
4478
7703
5263
9938
6575
4273
4000
5964
5817
7023
3994
1658
8922
926
7403
7953
8101
3424
4645
8065
