25
25
31
31
54
64
66
75
88
95
99
107
108
113
144
155
158
166
168
169
196
248
266
309
314
321
321
330
332
371
385
385
390
401
414
420
422
424
429
440
456
461
467
474
484
497
505
506
507
511
512
521
526
526
539
577
596
606
617
625
641
660
663
676
691
711
735
750
753
753
753
762
774
792
799
807
823
829
831
832
833
838
847
851
855
861
883
897
901
929
932
944
948
953
979
992
1001
1006
1008
1010
1040
1053
1060
1063
1066
1082
1100
1107
1119
1142
1146
1157
1158
1175
1204
1206
1232
1236
1270
1286
1286
1287
1316
1325
1325
1331
1363
1366
1374
1391
1425
1432
1442
1457
1462
1465
1469
1469
1469
1472
1473
1488
1531
1545
1547
1554
1566
1571
1575
1581
1591
1603
1605
1608
1616
1618
1619
1630
1636
1638
1648
1656
1664
1669
1675
1687
1691
1708
1709
1743
1767
1775
1777
1778
1793
1797
1797
1809
1817
1844
1849
1865
1866
1867
1871
1883
1891
1892
1923
1934
1944
1949
1978
1979
2003
2012
2021
2039
2039
2040
2054
2059
2068
2069
2080
2105
2106
2128
2128
2145
2148
2149
2151
2171
2190
2197
2219
2249
2250
2263
2287
2289
2294
2301
2319
2322
2332
2348
2353
2358
2358
2367
2379
2396
2411
2425
2425
2458
2461
2493
2511
2517
2534
2540
2541
2547
2549
2554
2557
2568
2572
2574
2575
2586
2591
2597
2598
2615
2626
2630
2631
2631
2633
2634
2642
2647
2654
2664
2693
2694
2694
2715
2717
2726
2736
2739
2750
2757
2782
2791
2792
2804
2846
2882
2899
2909
2911
2914
2916
2923
2928
2954
2977
2984
3023
3036
3045
3047
3056
3059
3061
3085
3090
3116
3118
3121
3136
3136
3155
3166
3173
3197
3207
3209
3220
3238
3257
3258
3262
3265
3280
3287
3299
3301
3313
3319
3340
3379
3385
3406
3409
3501
3507
3521
3522
3524
3537
3546
3548
3562
3565
3585
3589
3590
3600
3610
3612
3618
3625
3639
3661
3667
3671
3705
3714
3728
3735
3736
3760
3770
3772
3800
3817
3821
3829
3835
3841
3844
3851
3878
3901
3908
3942
3978
3978
3979
3989
3990
3990
3991
4007
4036
4042
4044
4048
4056
4064
4069
4070
4086
4135
4136
4143
4157
4158
4171
4208
4222
4258
4264
4269
4298
4313
4334
4360
4420
4445
4449
4462
4472
4473
4484
4491
4505
4507
4536
4537
4547
4568
4576
4605
4612
4614
4620
4626
4646
4660
4663
4666
4669
4682
4690
4703
4708
4713
4743
4744
4747
4748
4751
4752
4755
4766
4770
4771
4780
4783
4790
4806
4814
4818
4832
4854
4862
4870
4883
4919
4920
4921
4925
4941
4983
5008
5016
5042
5043
5044
5050
5062
5073
5089
5093
5097
5099
5106
5126
5129
5132
5152
5172
5185
5193
5204
5211
5211
5216
5228
5316
5328
5335
5350
5355
5367
5373
5430
5443
5446
5466
5488
5509
5515
5555
5567
5573
5582
5590
5643
5645
5650
5664
5670
5670
5682
5702
5713
5751
5758
5766
5766
5785
5788
5789
5797
5797
5800
5858
5860
5869
5874
5875
5876
5887
5915
5922
5932
5970
5973
5980
5990
6003
6018
6054
6063
6081
6094
6094
6100
6103
6119
6119
6124
6167
6172
6180
6187
6192
6239
6257
6259
6260
6281
6304
6308
6338
6339
6348
6350
6368
6382
6395
6400
6423
6425
6446
6464
6471
6478
6478
6479
6497
6497
6497
6500
6504
6518
6524
6551
6556
6587
6599
6603
6623
6625
6636
6652
6661
6668
6672
6674
6707
6715
6726
6771
6776
6785
6795
6800
6802
6810
6811
6826
6841
6842
6873
6897
6905
6911
6919
6919
6924
6925
6939
6943
6946
6995
6999
7019
7019
7023
7047
7048
7059
7095
7097
7115
7119
7133
7155
7159
7161
7162
7166
7166
7179
7180
7181
7183
7196
7212
7217
7221
7222
7224
7224
7226
7232
7243
7244
7245
7252
7292
7305
7314
7366
7405
7406
7416
7430
7432
7441
7446
7451
7453
7501
7507
7511
7534
7538
7545
7565
7587
7588
7602
7603
7606
7614
7627
7630
7634
7656
7663
7672
7674
7676
7684
7685
7716
7727
7744
7749
7765
7776
7781
7782
7790
7800
7808
7817
7831
7833
7842
7846
7851
7865
7865
7868
7884
7890
7894
7909
7914
7917
7919
7934
7942
7944
7970
7997
8008
8010
8015
8027
8034
8046
8047
8048
8049
8067
8077
8082
8089
8096
8099
8119
8137
8150
8152
8157
8159
8164
8167
8177
8181
8191
8194
8198
8216
8240
8319
8330
8337
8342
8362
8363
8366
8378
8383
8390
8392
8398
8410
8412
8413
8413
8419
8425
8435
8437
8448
8469
8470
8471
8473
8480
8507
8519
8528
8535
8546
8560
8565
8576
8606
8612
8613
8637
8659
8660
8675
8684
8684
8697
8712
8720
8724
8741
8755
8762
8764
8809
8844
8846
8847
8847
8862
8863
8867
8883
8889
8889
8907
8919
8927
8930
8938
8962
8969
8972
9008
9025
9035
9065
9069
9076
9093
9100
9101
9128
9135
9143
9171
9176
9177
9221
9231
9255
9288
9296
9314
9327
9333
9338
9341
9363
9371
9382
9396
9400
9403
9405
9405
9410
9424
9436
9439
9455
9459
9464
9472
9476
9477
9481
9484
9500
9503
9507
9508
9510
9532
9540
9541
9549
9554
9559
9563
9574
9581
9583
9600
9600
9601
9606
9619
9622
9623
9633
9639
9647
9653
9657
9663
9677
9681
9726
9734
9744
9752
9761
9763
9778
9779
9782
9790
9794
9796
9806
9861
9888
9893
9894
9928
9954
9962
9985
10000
10007
10016
10016
10019
10031
10034
10036
10044
10071
10073
10081
10094
10115
10137
10139
10146
10153
10187
10190
10195
10210
10221
10229
10230
10232
10251
10255
10259
10280
10280
10293
10301
10324
10332
10341
10345
10359
10361
10370
10379
10412
10440
10441
10467
10467
10469
10474
10490
10497
10517
10523
10546
10548
10570
10573
10591
10595
10600
10605
10605
10608
10615
10620
10644
10656
10659
10679
10689
10696
10699
10701
10703
10711
10717
10731
10732
10741
10744
10755
10759
10760
10762
10762
10763
10771
10784
10792
10795
10796
10799
10803
10805
10809
10838
10847
10866
10869
10874
10883
10883
10885
10885
10890
10899
10905
10922
10931
10975
10977
10983
10985
10986
10987
10995
10996
11004
11005
11014
11014
11018
11022
11028
11030
11042
11049
11052
11068
11069
11073
11074
11096
11097
11110
11116
11119
11125
11145
11148
11218
11220
11225
11229
11246
11257
11258
11276
11293
11308
11310
11331
11350
11352
11355
11363
11371
11379
11387
11398
11403
11415
11424
11434
11456
11499
11504
11515
11523
11529
11548
11554
11560
11560
11566
11567
11575
11584
11627
11640
11648
11685
11686
11687
11704
11711
11718
11737
11742
11744
11769
11771
11774
11775
11777
11798
11805
11812
11823
11830
11835
11836
11839
11845
11854
11870
11871
11871
11874
11879
11883
11883
11884
11886
11897
11909
11915
11917
11923
11945
11956
11965
11968
11970
11976
11979
11984
11996
12006
12030
12038
12045
12070
12095
12104
12109
12111
12114
12133
12141
12149
12154
12155
12157
12157
12178
12180
12203
12228
12234
12238
12239
12240
12242
12269
12278
12282
12285
12294
12298
12305
12309
12315
12321
12323
12325
12328
12328
12338
12350
12352
12366
12374
12376
12380
12381
12389
12390
12394
12395
12405
12410
12429
12432
12433
12441
12458
12465
12467
12470
12478
12492
12498
12500
12515
12526
12532
12536
12540
12548
12550
12555
12573
12584
12608
12618
12633
12676
12677
12687
12688
12688
12691
12708
12712
12717
12721
12728
12736
12778
12782
12801
12821
12841
12848
12881
12895
12897
12899
12911
12920
12933
12949
12950
12954
12993
13004
13004
13011
13016
13016
13016
13017
13025
13032
13063
13074
13092
13093
13098
13098
13099
13102
13103
13120
13120
13132
13145
13157
13160
13160
13164
13173
13191
13200
13207
13224
13236
13243
13246
13254
13257
13259
13266
13296
13299
13303
13316
13318
13320
13329
13337
13344
13348
13353
13356
13387
13395
13428
13434
13436
13439
13469
13476
13483
13490
13501
13506
13521
13539
13551
13558
13561
13562
13566
13568
13570
13575
13579
13581
13629
13630
13632
13647
13652
13665
13694
13697
13705
13707
13711
13715
13718
13727
13744
13762
13769
13786
13794
13799
13799
13807
13808
13817
13828
13841
13846
13860
13886
13891
13898
13902
13904
13935
13952
13961
13964
13970
14000
14010
14025
14034
14049
14058
14075
14098
14099
14103
14119
14123
14141
14154
14164
14202
14223
14224
14237
14238
14242
14273
14276
14308
14318
14321
14326
14330
14338
14368
14374
14399
14425
14436
14438
14441
14445
14454
14460
14460
14470
14471
14474
14475
14492
14500
14501
14504
14505
14512
14524
14525
14530
14532
14554
14556
14562
14585
14590
14594
14595
14605
14620
14621
14622
14637
14652
14661
14662
14662
14666
14682
14687
14726
14729
14746
14763
14778
14794
14795
14805
14827
14833
14847
14848
14851
14852
14856
14874
14890
14904
14910
14929
14950
14969
14985
14988
15045
15060
15065
15078
15079
15087
15102
15109
15119
15128
15134
15142
15147
15158
15160
15161
15169
15187
15190
15192
15200
15205
15206
15209
15222
15236
15250
15284
15287
15293
15315
15325
15347
15370
15390
15397
15401
15407
15408
15420
15435
15435
15436
15436
15437
15445
15447
15449
15452
15463
15480
15482
15483
15485
15500
15501
15502
15505
15505
15508
15508
15515
15525
15529
15531
15535
15541
15542
15545
15550
15563
15566
15573
15575
15578
15584
15584
15594
15606
15635
15648
15663
15681
15691
15735
15750
15758
15769
15771
15794
15822
15832
15838
15841
15852
15863
15878
15878
15890
15893
15900
15905
15908
15910
15911
15913
15920
15924
15929
15933
15946
15963
15993
15997
16007
16023
16063
16070
16079
16090
16110
16126
16150
16157
16181
16187
16189
16191
16195
16196
16210
16214
16226
16236
16241
16242
16244
16255
16258
16262
16271
16282
16292
16298
16316
16320
16321
16324
16326
16344
16353
16356
16363
16369
16372
16376
16379
16400
16403
16415
16416
16420
16443
16458
16464
16471
16493
16494
16512
16514
16516
16531
16555
16561
16563
16569
16578
16591
16603
16606
16610
16621
16627
16628
16630
16645
16655
16662
16668
16668
16670
16673
16680
16684
16690
16700
16709
16724
16776
16781
16784
16801
16812
16820
16823
16842
16843
16853
16857
16874
16877
16884
16886
16886
16892
16902
16903
16907
16911
16915
16944
16947
16955
16994
17001
17004
17006
17007
17011
17020
17037
17049
17054
17064
17107
17114
17125
17138
17163
17164
17177
17177
17186
17191
17202
17228
17231
17238
17244
17244
17260
17271
17274
17304
17312
17340
17348
17354
17381
17400
17401
17411
17431
17454
17462
17465
17467
17475
17486
17538
17542
17558
17560
17575
17577
17595
17599
17615
17640
17644
17646
17655
17657
17658
17665
17670
17680
17685
17686
17687
17714
17723
17732
17738
17753
17754
17764
17776
17789
17800
17815
17816
17822
17823
17826
17831
17848
17859
17865
17872
17875
17878
17952
17982
17987
17999
17999
18006
18009
18013
18016
18039
18051
18065
18072
18079
18080
18089
18101
18104
18110
18113
18140
18153
18166
18184
18201
18202
18208
18212
18213
18215
18217
18221
18233
18236
18236
18267
18282
18290
18293
18295
18315
18323
18333
18340
18347
18355
18373
18381
18398
18402
18407
18415
18415
18415
18434
18446
18470
18483
18499
18504
18522
18528
18562
18566
18568
18571
18573
18574
18578
18616
18618
18660
18662
18667
18676
18698
18700
18731
18754
18763
18764
18768
18773
18784
18788
18800
18802
18812
18823
18830
18831
18833
18836
18855
18869
18875
18886
18890
18899
18904
18918
18924
18925
18931
18943
18985
18997
19011
19016
19022
19039
19039
19042
19045
19045
19048
19062
19063
19072
19077
19078
19085
19089
19112
19147
19157
19166
19168
19178
19187
19195
19202
19216
19228
19232
19239
19244
19249
19251
19273
19278
19279
19302
19305
19315
19357
19367
19372
19377
19383
19386
19423
19432
19435
19450
19458
19469
19470
19481
19482
19485
19491
19513
19522
19540
19546
19556
19556
19586
19604
19605
19607
19623
19638
19640
19646
19647
19652
19663
19684
19700
19717
19721
19732
19734
19750
19765
19778
19780
19783
19791
19820
19824
19834
19842
19848
19861
19862
19864
19864
19897
19904
19905
19919
19960
19964
19966
19991
19995
19996
20007
20011
20015
20016
20021
20033
20049
20068
20079
20091
20102
20103
20114
20115
20120
20122
20127
20157
20158
20160
20173
20206
20208
20225
20227
20231
20233
20245
20246
20276
20291
20295
20343
20349
20361
20362
20368
20376
20418
20420
20431
20431
20445
20471
20477
20480
20483
20486
20493
20517
20551
20552
20583
20589
20590
20612
20619
20639
20657
20677
20685
20703
20704
20706
20731
20732
20753
20756
20759
20760
20770
20770
20789
20796
20808
20816
20822
20823
20826
20844
20851
20853
20855
20864
20880
20903
20925
20933
20933
20940
20943
20957
20957
20964
20964
20986
21024
21025
21039
21043
21055
21057
21065
21070
21093
21106
21107
21119
21121
21123
21140
21150
21163
21168
21179
21181
21198
21199
21203
21207
21213
21216
21219
21220
21257
21275
21276
21283
21306
21313
21341
21343
21343
21364
21370
21398
21399
21434
21450
21476
21482
21487
21502
21520
21521
21532
21533
21537
21543
21550
21550
21572
21591
21594
21594
21617
21634
21636
21637
21658
21661
21665
21668
21676
21678
21693
21693
21701
21705
21706
21716
21719
21719
21728
21737
21760
21766
21771
21785
21808
21811
21811
21835
21840
21862
21869
21878
21884
21893
21895
21917
21929
21936
21941
21951
21962
21969
21991
22008
22016
22021
22023
22030
22039
22051
22052
22068
22079
22080
22101
22104
22108
22112
22112
22114
22118
22133
22138
22155
22159
22178
22187
22191
22192
22200
22206
22208
22208
22214
22228
22264
22268
22280
22283
22287
22294
22306
22332
22371
22376
22391
22392
22392
22397
22420
22429
22441
22450
22453
22463
22464
22475
22496
22507
22554
22563
22573
22586
22588
22591
22591
22598
22608
22608
22619
22622
22624
22625
22628
22631
22632
22634
22640
22641
22649
22649
22662
22675
22678
22685
22710
22717
22727
22735
22738
22758
22763
22780
22803
22811
22826
22826
22840
22860
22864
22865
22888
22893
22905
22906
22943
22946
22947
22953
22983
22986
23001
23004
23016
23018
23028
23055
23056
23070
23072
23090
23094
23094
23095
23113
23141
23143
23149
23179
23183
23214
23218
23224
23224
23245
23247
23279
23290
23297
23304
23317
23319
23329
23347
23353
23361
23369
23370
23375
23381
23393
23399
23407
23416
23424
23435
23462
23474
23488
23494
23501
23522
23531
23534
23535
23560
23560
23566
23582
23594
23602
23605
23636
23649
23658
23665
23683
23685
23688
23703
23704
23731
23734
23745
23747
23747
23753
23766
23770
23775
23786
23802
23819
23828
23835
23865
23882
23883
23889
23889
23890
23891
23901
23916
23919
23923
23929
23945
23946
23949
23951
23976
24000
24020
24070
24073
24099
24101
24116
24132
24135
24151
24159
24164
24184
24199
24219
24223
24226
24248
24252
24256
24261
24264
24299
24309
24315
24318
24324
24325
24361
24369
24396
24417
24423
24423
24429
24444
24445
24448
24449
24459
24474
24479
24484
24486
24492
24517
24520
24529
24539
24546
24552
24557
24579
24591
24599
24604
24604
24645
24662
24668
24668
24669
24676
24677
24687
24700
24704
24704
24729
24738
24741
24759
24762
24766
24789
24791
24797
24813
24815
24816
24822
24823
24848
24848
24851
24856
24866
24908
24913
24915
24922
24924
24929
24937
24943
24962
24963
24964
24966
24995
24997
25017
25027
25029
25033
25037
25042
25048
25072
25084
25092
25107
25115
25128
25129
25139
25141
25147
25180
25206
25214
25216
25269
25270
25271
25275
25311
25323
25330
25346
25355
25356
25366
25367
25375
25376
25387
25393
25402
25419
25422
25453
25465
25472
25476
25480
25491
25500
25509
25509
25511
25513
25525
25556
25560
25572
25592
25596
25603
25608
25613
25614
25617
25619
25640
25642
25651
25667
25691
25696
25708
25712
25733
25742
25754
25768
25770
25779
25783
25784
25793
25796
25798
25809
25824
25832
25846
25850
25852
25866
25871
25888
25896
25936
25937
25940
25941
25943
25946
25970
25981
26002
26006
26030
26044
26047
26061
26068
26072
26073
26082
26095
26105
26108
26134
26136
26158
26181
26191
26192
26198
26201
26222
26222
26225
26229
26238
26252
26273
26281
26307
26318
26327
26330
26346
26353
26357
26359
26363
26372
26373
26377
26384
26410
26411
26454
26471
26473
26485
26510
26538
26543
26547
26558
26568
26573
26575
26582
26593
26598
26611
26614
26626
26629
26631
26637
26640
26643
26647
26654
26655
26659
26666
26680
26687
26687
26710
26715
26727
26734
26745
26761
26783
26793
26801
26809
26832
26846
26852
26864
26885
26913
26914
26937
26937
26938
26946
26963
26969
26974
26980
26993
26998
27005
27006
27010
27011
27027
27030
27043
27049
27062
27068
27076
27087
27092
27097
27097
27097
27109
27136
27139
27139
27168
27200
27217
27223
27249
27257
27259
27267
27272
27276
27281
27283
27312
27350
27353
27365
27369
27374
27384
27388
27401
27406
27414
27421
27445
27455
27459
27473
27481
27492
27496
27525
27541
27552
27553
27559
27577
27584
27597
27603
27615
27616
27627
27636
27644
27648
27674
27680
27680
27681
27702
27715
27717
27730
27731
27736
27769
27782
27791
27792
27794
27805
27806
27821
27829
27833
27841
27854
27854
27871
27873
27878
27880
27886
27894
27901
27906
27923
27928
27938
27955
27960
27981
27993
28006
28011
28029
28030
28032
28045
28052
28059
28059
28067
28087
28100
28100
28104
28114
28121
28131
28136
28145
28148
28151
28153
28198
28205
28210
28217
28232
28235
28245
28271
28300
28322
28327
28330
28338
28348
28351
28355
28356
28392
28398
28421
28432
28438
28441
28443
28495
28501
28505
28518
28532
28537
28540
28588
28599
28602
28622
28624
28634
28645
28653
28656
28659
28666
28680
28680
28689
28696
28703
28712
28717
28724
28727
28741
28776
28789
28792
28797
28797
28800
28810
28811
28831
28835
28837
28842
28845
28857
28865
28867
28868
28875
28900
28904
28946
28948
28993
28993
29015
29024
29061
29075
29077
29086
29087
29109
29113
29126
29128
29131
29136
29158
29162
29165
29186
29188
29192
29204
29219
29231
29234
29239
29243
29243
29249
29251
29273
29282
29283
29289
29298
29328
29332
29335
29348
29355
29385
29388
29389
29398
29401
29409
29432
29444
29448
29457
29461
29476
29480
29488
29550
29555
29567
29573
29573
29581
29581
29596
29600
29601
29630
29639
29661
29661
29672
29688
29701
29709
29712
29719
29728
29729
29739
29749
29751
29761
29797
29798
29816
29821
29823
29832
29834
29848
29865
29874
29882
29886
29903
29908
29910
29929
29934
29935
29936
29958
29962
29965
29966
29968
29972
29975
29979
29984
29992
30008
30017
30042
30049
30058
30067
30067
30080
30091
30102
30103
30104
30122
30128
30131
30132
30138
30141
30144
30145
30148
30151
30162
30166
30194
30196
30209
30211
30213
30213
30223
30224
30228
30244
30257
30266
30277
30285
30286
30293
30328
30332
30337
30342
30343
30346
30349
30360
30375
30398
30415
30417
30419
30421
30437
30459
30485
30522
30533
30537
30538
30540
30547
30552
30552
30572
30586
30625
30634
30635
30648
30660
30668
30674
30678
30682
30685
30702
30711
30712
30715
30724
30733
30746
30747
30755
30762
30770
30772
30796
30799
30822
30826
30844
30845
30847
30860
30862
30876
30898
30905
30941
30964
30983
30992
30996
31006
31011
31021
31021
31027
31037
31039
31045
31048
31060
31061
31072
31080
31080
31083
31105
31111
31115
31117
31131
31132
31167
31171
31177
31186
31190
31213
31226
31232
31254
31264
31266
31271
31275
31285
31315
31320
31323
31325
31347
31356
31364
31367
31368
31376
31392
31399
31404
31413
31419
31440
31442
31456
31458
31465
31474
31484
31485
31490
31493
31515
31516
31517
31525
31528
31536
31537
31567
31567
31607
31623
31624
31626
31631
31642
31645
31660
31662
31671
31680
31681
31708
31735
31753
31769
31806
31810
31812
31814
31817
31833
31843
31845
31857
31861
31874
31882
31916
31923
31933
31944
31951
31953
31962
31969
31982
31984
31988
31990
31995
31996
32011
32012
32013
32014
32015
32048
32049
32059
32065
32065
32069
32072
32074
32093
32104
32111
32135
32146
32146
32155
32155
32163
32168
32171
32187
32192
32201
32202
32204
32225
32245
32249
32252
32256
32272
32277
32282
32288
32295
32300
32308
32313
32316
32317
32331
32333
32351
32357
32371
32379
32386
32387
32387
32412
32420
32431
32438
32452
32495
32500
32508
32542
32546
32562
32572
32574
32594
32598
32638
32642
32645
32651
32656
32657
32689
32693
32694
32730
32746
32752
32756
32777
32818
32834
32850
32851
32856
32862
32897
32898
32906
32919
32943
32947
32956
32957
32965
33005
33014
33017
33025
33025
33035
33050
33071
33076
33077
33119
33128
33137
33137
33142
33146
33153
33165
33171
33212
33225
33226
33238
33256
33264
33266
33273
33277
33278
33292
33303
33310
33315
33330
33336
33341
33349
33358
33360
33372
33382
33384
33395
33402
33420
33437
33445
33452
33475
33485
33529
33551
33560
33575
33576
33580
33614
33616
33618
33625
33627
33633
33637
33641
33644
33645
33655
33660
33662
33675
33684
33707
33717
33718
33731
33742
33750
33765
33767
33768
33786
33791
33809
33813
33834
33841
33851
33858
33869
33873
33874
33885
33886
33887
33900
33902
33903
33930
33968
33974
33986
33989
34002
34008
34012
34014
34019
34027
34034
34034
34035
34045
34049
34068
34072
34083
34086
34091
34115
34119
34151
34171
34177
34181
34189
34194
34198
34212
34219
34226
34255
34256
34261
34267
34267
34285
34290
34291
34292
34294
34307
34311
34313
34318
34326
34335
34341
34360
34361
34364
34377
34393
34394
34399
34401
34403
34412
34416
34416
34422
34451
34480
34491
34492
34510
34510
34517
34518
34518
34529
34565
34567
34568
34582
34584
34591
34597
34601
34639
34650
34656
34659
34659
34683
34687
34692
34700
34712
34738
34745
34760
34767
34774
34775
34780
34795
34797
34804
34804
34807
34807
34844
34844
34856
34866
34870
34875
34894
34904
34910
34945
34953
34972
34981
34994
34998
35011
35021
35028
35029
35029
35040
35052
35059
35059
35065
35074
35075
35078
35082
35090
35090
35118
35146
35169
35173
35187
35216
35218
35220
35223
35229
35238
35260
35277
35278
35288
35301
35305
35313
35315
35316
35322
35339
35345
35361
35362
35365
35375
35379
35383
35396
35408
35431
35440
35468
35470
35472
35475
35490
35492
35494
35495
35496
35509
35532
35533
35535
35554
35595
35602
35615
35621
35627
35627
35632
35632
35636
35641
35648
35658
35671
35714
35722
35723
35723
35731
35740
35741
35762
35763
35782
35787
35800
35806
35811
35815
35865
35871
35883
35883
35892
35894
35898
35898
35907
35917
35925
35936
35943
35947
35958
35966
35968
35971
35973
35973
35974
35976
35993
36005
36008
36066
36070
36075
36102
36123
36123
36137
36137
36138
36139
36147
36153
36154
36168
36191
36213
36215
36236
36238
36251
36254
36329
36329
36365
36367
36368
36371
36373
36375
36383
36383
36397
36417
36429
36429
36437
36439
36452
36458
36458
36462
36464
36472
36475
36477
36480
36481
36499
36501
36532
36548
36557
36565
36600
36632
36659
36664
36666
36670
36671
36679
36684
36684
36703
36703
36716
36749
36764
36772
36799
36804
36806
36811
36814
36818
36820
36825
36829
36842
36843
36847
36863
36864
36893
36900
36902
36915
36936
36937
36951
36965
36968
36969
36971
36983
36986
37018
37026
37028
37058
37064
37071
37084
37112
37121
37124
37134
37151
37153
37168
37176
37177
37180
37189
37193
37199
37205
37220
37233
37236
37245
37270
37274
37286
37290
37320
37331
37332
37333
37338
37339
37354
37356
37378
37389
37393
37398
37398
37420
37421
37425
37430
37435
37452
37467
37469
37470
37471
37478
37482
37532
37541
37549
37561
37566
37574
37575
37579
37580
37580
37590
37596
37597
37606
37626
37637
37639
37646
37655
37669
37675
37692
37698
37702
37706
37707
37710
37727
37764
37774
37775
37782
37796
37806
37835
37855
37863
37880
37880
37882
37891
37895
37899
37921
37942
37982
37986
37997
38001
38006
38011
38013
38037
38040
38045
38059
38066
38074
38101
38123
38128
38129
38132
38141
38165
38171
38172
38181
38182
38190
38190
38190
38195
38213
38223
38224
38225
38229
38232
38246
38252
38293
38295
38301
38301
38302
38306
38329
38332
38334
38341
38344
38357
38362
38365
38384
38384
38398
38399
38442
38442
38447
38452
38456
38460
38461
38464
38475
38504
38520
38566
38576
38577
38586
38594
38602
38605
38615
38622
38626
38634
38640
38666
38667
38669
38688
38709
38734
38772
38781
38788
38800
38841
38869
38880
38882
38902
38909
38915
38931
38938
38938
38974
38992
38996
39012
39018
39028
39032
39046
39048
39051
39075
39083
39093
39108
39111
39123
39137
39143
39146
39146
39173
39207
39210
39220
39226
39231
39233
39246
39257
39286
39289
39290
39320
39339
39345
39376
39379
39391
39393
39394
39395
39408
39410
39411
39450
39456
39464
39475
39479
39479
39493
39495
39496
39523
39534
39538
39539
39564
39570
39579
39585
39586
39590
39606
39613
39616
39617
39624
39630
39633
39641
39653
39658
39669
39688
39689
39699
39716
39752
39759
39780
39825
39829
39834
39836
39859
39873
39883
39884
39893
39917
39919
39923
39962
39968
39973
39975
40017
40028
40040
40043
40069
40073
40108
40116
40120
40131
40145
40156
40174
40191
40194
40194
40205
40208
40215
40229
40230
40269
40272
40304
40305
40308
40338
40341
40341
40347
40352
40355
40357
40360
40371
40372
40379
40379
40415
40418
40427
40436
40441
40456
40459
40477
40479
40493
40494
40503
40511
40539
40591
40597
40613
40622
40625
40634
40651
40660
40677
40691
40692
40694
40700
40703
40704
40713
40713
40717
40737
40786
40791
40797
40804
40807
40808
40808
40812
40816
40827
40854
40883
40895
40896
40901
40903
40903
40909
40913
40922
40926
40940
40943
40954
40965
40991
41016
41025
41025
41030
41049
41056
41056
41069
41079
41080
41087
41097
41100
41101
41121
41126
41137
41151
41152
41152
41171
41194
41196
41201
41209
41222
41239
41241
41245
41249
41250
41264
41273
41294
41296
41307
41316
41342
41367
41372
41394
41398
41409
41425
41428
41443
41469
41470
41481
41494
41496
41498
41506
41511
41512
41515
41533
41533
41535
41553
41588
41594
41604
41607
41610
41617
41621
41633
41639
41653
41656
41660
41663
41664
41665
41676
41688
41703
41738
41743
41753
41772
41807
41814
41817
41834
41846
41855
41876
41883
41899
41914
41917
41921
41938
41958
41962
41970
41992
42005
42012
42028
42029
42049
42063
42076
42083
42101
42102
42106
42114
42120
42124
42141
42143
42153
42154
42158
42197
42201
42203
42214
42240
42248
42251
42260
42268
42300
42313
42313
42347
42358
42363
42366
42370
42376
42392
42430
42471
42478
42478
42482
42484
42490
42498
42507
42509
42519
42522
42523
42525
42527
42547
42550
42550
42559
42572
42578
42585
42604
42611
42621
42625
42651
42654
42699
42715
42717
42743
42744
42757
42774
42801
42803
42833
42857
42857
42858
42886
42914
42925
42933
42958
42963
42975
42985
42996
43009
43016
43036
43047
43060
43061
43085
43093
43098
43123
43139
43143
43143
43155
43160
43161
43175
43176
43192
43212
43219
43227
43229
43240
43243
43256
43258
43260
43268
43272
43282
43284
43287
43289
43295
43315
43339
43341
43354
43361
43363
43370
43372
43375
43380
43390
43391
43400
43403
43407
43409
43440
43440
43447
43470
43494
43503
43517
43522
43532
43552
43564
43607
43612
43617
43632
43633
43641
43645
43645
43652
43654
43660
43665
43674
43681
43737
43754
43757
43760
43775
43791
43803
43842
43845
43847
43848
43854
43854
43867
43877
43887
43892
43912
43943
43953
43970
43984
44005
44005
44014
44049
44054
44084
44124
44126
44127
44136
44139
44141
44142
44148
44154
44159
44159
44163
44172
44177
44191
44196
44210
44213
44215
44216
44222
44238
44246
44251
44261
44268
44281
44291
44299
44307
44329
44352
44367
44378
44391
44395
44398
44401
44402
44406
44415
44418
44430
44436
44468
44478
44482
44484
44502
44524
44527
44534
44547
44552
44558
44570
44571
44592
44595
44616
44620
44622
44626
44631
44641
44644
44645
44655
44680
44683
44710
44721
44726
44739
44756
44760
44766
44787
44791
44801
44805
44815
44815
44815
44847
44851
44878
44878
44894
44906
44911
44925
44930
44944
44958
44988
44989
44994
45001
45003
45005
45007
45015
45015
45016
45026
45031
45032
45037
45042
45058
45064
45077
45087
45102
45116
45117
45120
45130
45132
45138
45159
45161
45163
45177
45184
45187
45220
45223
45224
45242
45252
45273
45278
45282
45331
45337
45350
45409
45411
45429
45454
45463
45471
45499
45520
45523
45564
45574
45575
45575
45578
45579
45588
45593
45593
45602
45620
45631
45633
45642
45660
45672
45682
45696
45713
45718
45718
45725
45745
45748
45757
45760
45762
45765
45766
45770
45775
45778
45790
45803
45813
45816
45841
45845
45847
45848
45885
45891
45904
45912
45929
45937
45940
45948
45957
45959
45967
45970
45972
45990
45993
46006
46007
46017
46018
46047
46070
46089
46090
46093
46094
46104
46123
46126
46155
46222
46228
46243
46263
46298
46311
46312
46368
46384
46385
46391
46404
46418
46423
46428
46432
46440
46451
46478
46494
46508
46511
46533
46560
46567
46579
46600
46602
46618
46632
46635
46635
46663
46664
46671
46677
46679
46682
46695
46696
46741
46787
46788
46790
46793
46798
46804
46809
46812
46837
46889
46893
46905
46924
46944
46949
46970
46980
46983
47014
47024
47030
47040
47064
47074
47083
47091
47113
47115
47120
47122
47125
47126
47132
47133
47135
47147
47156
47159
47163
47172
47176
47176
47185
47186
47188
47200
47218
47226
47242
47243
47245
47252
47255
47297
47302
47308
47315
47316
47338
47349
47359
47367
47372
47372
47375
47390
47397
47400
47415
47420
47422
47456
47470
47471
47471
47476
47476
47477
47485
47488
47492
47516
47531
47564
47573
47595
47606
47623
47627
47650
47654
47660
47685
47687
47700
47713
47745
47751
47756
47764
47771
47793
47808
47819
47829
47837
47865
47865
47866
47884
47899
47911
47935
47944
47946
47955
47982
47985
48005
48008
48010
48013
48036
48062
48075
48075
48089
48111
48116
48132
48133
48139
48151
48151
48165
48166
48169
48181
48184
48202
48229
48233
48236
48249
48262
48267
48300
48317
48321
48331
48345
48362
48364
48368
48371
48380
48381
48386
48401
48471
48492
48498
48538
48545
48564
48574
48576
48579
48580
48584
48604
48605
48617
48620
48624
48630
48650
48706
48706
48750
48767
48780
48788
48789
48792
48794
48805
48813
48814
48815
48823
48834
48856
48858
48863
48866
48867
48899
48904
48920
48927
48940
48941
48944
48956
48960
48978
48984
48996
49005
49009
49010
49018
49030
49043
49066
49070
49080
49097
49112
49128
49138
49139
49143
49214
49223
49227
49233
49239
49245
49267
49276
49289
49289
49310
49321
49324
49340
49340
49346
49347
49360
49364
49367
49369
49370
49395
49399
49408
49408
49410
49425
49425
49429
49443
49456
49456
49467
49471
49484
49499
49520
49537
49546
49556
49558
49565
49576
49580
49589
49595
49602
49612
49628
49656
49663
49691
49692
49699
49704
49712
49713
49713
49715
49732
49732
49738
49741
49742
49746
49748
49754
49758
49759
49762
49763
49797
49814
49836
49850
49852
49854
49854
49858
49863
49872
49883
49886
49915
49918
49927
49927
49937
49939
49939
49955
49956
49957
49963
49984
49995
50000
50001
50002
50010
50023
50043
50046
50050
50051
50071
50100
50106
50111
50126
50129
50136
50137
50141
50142
50155
50160
50191
50195
50211
50233
50238
50243
50262
50262
50264
50267
50275
50288
50323
50323
50346
50370
50377
50383
50405
50406
50407
50413
50424
50428
50430
50431
50437
50442
50443
50472
50475
50487
50492
50500
50506
50508
50509
50522
50523
50524
50534
50542
50549
50561
50571
50584
50587
50591
50597
50597
50617
50621
50668
50680
50703
50720
50730
50751
50754
50756
50771
50809
50810
50818
50820
50831
50834
50871
50894
50895
50899
50935
50944
50951
50953
50977
50981
50987
50998
51001
51009
51012
51031
51047
51049
51053
51099
51106
51110
51113
51122
51143
51180
51184
51187
51190
51207
51243
51251
51260
51277
51284
51295
51297
51315
51321
51339
51341
51347
51352
51356
51360
51365
51379
51386
51390
51408
51431
51433
51441
51442
51457
51464
51471
51484
51496
51525
51535
51549
51549
51551
51561
51562
51574
51576
51599
51621
51645
51658
51661
51676
51681
51712
51713
51716
51717
51729
51737
51742
51746
51767
51777
51781
51801
51811
51836
51836
51842
51888
51909
51917
51927
51930
51935
51939
51970
51973
51974
51977
51985
51989
51993
52010
52025
52027
52028
52058
52067
52075
52083
52088
52097
52107
52111
52116
52120
52124
52136
52145
52147
52150
52150
52151
52153
52156
52165
52191
52196
52198
52209
52219
52224
52228
52231
52233
52235
52248
52260
52265
52266
52336
52340
52352
52359
52369
52370
52387
52396
52399
52400
52407
52413
52430
52441
52446
52461
52462
52486
52486
52519
52520
52527
52528
52529
52544
52549
52551
52560
52578
52578
52580
52581
52586
52603
52619
52637
52642
52642
52651
52663
52667
52677
52685
52694
52700
52703
52740
52747
52769
52773
52780
52783
52784
52793
52799
52810
52814
52815
52828
52831
52833
52841
52849
52851
52857
52859
52865
52874
52893
52904
52909
52910
52913
52918
52932
52935
52979
52985
53003
53012
53020
53023
53036
53062
53073
53086
53098
53137
53151
53154
53163
53165
53171
53171
53180
53194
53200
53205
53245
53257
53259
53275
53284
53286
53329
53337
53343
53350
53354
53360
53385
53395
53415
53417
53420
53422
53430
53431
53443
53450
53457
53467
53484
53485
53500
53500
53504
53529
53535
53592
53612
53619
53620
53622
53640
53640
53641
53650
53654
53674
53681
53681
53696
53703
53705
53706
53715
53723
53724
53728
53741
53750
53767
53769
53793
53804
53804
53808
53809
53810
53817
53818
53820
53833
53848
53855
53856
53863
53871
53877
53889
53893
53907
53907
53914
53923
53967
53971
53978
54006
54012
54017
54023
54041
54044
54064
54065
54067
54073
54091
54091
54092
54104
54106
54127
54144
54147
54169
54172
54179
54188
54188
54215
54247
54273
54300
54303
54314
54336
54339
54341
54349
54366
54372
54385
54405
54424
54429
54430
54433
54454
54454
54462
54470
54483
54501
54505
54510
54513
54518
54519
54528
54534
54546
54546
54549
54554
54568
54569
54588
54602
54607
54632
54638
54640
54641
54648
54655
54656
54660
54677
54681
54701
54702
54702
54702
54704
54725
54726
54746
54766
54780
54781
54785
54790
54799
54822
54839
54870
54876
54896
54914
54940
54960
54962
54996
55008
55008
55022
55024
55025
55030
55031
55040
55044
55078
55104
55126
55140
55149
55169
55172
55192
55199
55220
55226
55228
55236
55247
55256
55265
55265
55292
55293
55311
55314
55322
55356
55360
55362
55366
55374
55378
55378
55422
55438
55444
55446
55448
55489
55496
55512
55540
55549
55549
55557
55563
55569
55572
55598
55610
55613
55617
55618
55621
55621
55622
55623
55627
55643
55684
55686
55690
55690
55708
55719
55744
55748
55754
55786
55808
55812
55820
55820
55834
55838
55854
55855
55861
55884
55894
55924
55937
55938
55961
55978
56014
56015
56028
56030
56034
56037
56065
56067
56086
56096
56098
56098
56105
56110
56118
56145
56151
56154
56198
56219
56233
56238
56250
56252
56256
56292
56295
56309
56318
56320
56342
56345
56369
56386
56387
56389
56415
56422
56423
56426
56431
56437
56440
56457
56474
56485
56486
56488
56514
56521
56540
56547
56570
56575
56579
56604
56621
56632
56663
56677
56698
56703
56703
56708
56725
56729
56745
56754
56755
56782
56791
56818
56822
56838
56843
56852
56858
56898
56917
56918
56921
56921
56938
56938
56940
56943
56949
56965
56978
56984
56986
56986
56993
57004
57009
57042
57044
57064
57071
57072
57073
57074
57075
57079
57090
57093
57114
57127
57133
57174
57175
57189
57212
57218
57223
57237
57239
57247
57260
57266
57272
57281
57283
57283
57284
57300
57300
57306
57312
57318
57325
57337
57382
57388
57391
57400
57410
57422
57422
57422
57424
57463
57472
57477
57479
57502
57517
57567
57630
57637
57652
57658
57672
57687
57689
57693
57706
57709
57712
57715
57720
57733
57766
57784
57789
57809
57825
57832
57837
57850
57852
57865
57867
57870
57872
57880
57887
57888
57928
57928
57932
57945
57950
57957
57963
57978
57982
57982
58004
58016
58018
58022
58025
58049
58057
58084
58087
58105
58110
58126
58147
58147
58164
58173
58186
58191
58198
58210
58214
58237
58243
58248
58252
58257
58257
58259
58276
58280
58289
58291
58297
58312
58320
58325
58329
58338
58345
58361
58367
58373
58417
58435
58446
58446
58448
58449
58451
58452
58452
58487
58491
58492
58498
58504
58506
58529
58579
58586
58603
58629
58651
58659
58663
58677
58701
58703
58709
58711
58714
58715
58721
58733
58737
58748
58758
58790
58791
58796
58797
58823
58826
58831
58835
58855
58867
58875
58884
58917
58923
58931
58934
58943
58948
58958
58959
58967
58970
58975
58988
58990
58990
58995
59049
59057
59072
59072
59095
59102
59117
59123
59125
59127
59131
59141
59142
59144
59167
59183
59193
59201
59204
59214
59228
59237
59245
59250
59255
59280
59300
59303
59307
59313
59314
59318
59331
59342
59355
59359
59400
59412
59473
59499
59533
59540
59545
59546
59563
59567
59567
59595
59598
59603
59604
59606
59610
59640
59640
59645
59647
59672
59675
59675
59685
59687
59687
59688
59688
59692
59693
59693
59710
59717
59725
59727
59759
59788
59788
59799
59808
59809
59816
59822
59865
59872
59877
59878
59886
59923
59964
59983
59988
60006
60007
60010
60046
60046
60046
60074
60076
60103
60104
60117
60117
60117
60119
60120
60127
60140
60142
60161
60173
60196
60201
60204
60207
60214
60218
60223
60232
60235
60242
60249
60259
60271
60274
60275
60276
60282
60309
60312
60314
60324
60355
60388
60393
60405
60409
60412
60446
60447
60462
60486
60507
60510
60512
60529
60559
60587
60597
60599
60600
60606
60626
60658
60667
60692
60694
60697
60707
60708
60714
60733
60733
60738
60746
60765
60777
60778
60790
60793
60796
60815
60829
60850
60859
60865
60886
60889
60892
60902
60904
60905
60915
60925
60937
60943
60946
60949
60954
60957
60968
60979
60981
60982
60987
60996
61004
61006
61007
61038
61057
61059
61065
61123
61126
61128
61133
61151
61164
61175
61188
61197
61202
61237
61240
61244
61271
61277
61293
61308
61321
61323
61335
61348
61350
61356
61375
61378
61381
61390
61400
61416
61418
61431
61459
61465
61466
61470
61476
61488
61489
61490
61492
61506
61527
61546
61546
61546
61549
61557
61561
61576
61582
61583
61613
61618
61619
61627
61636
61641
61649
61652
61659
61662
61670
61673
61742
61744
61757
61787
61794
61794
61803
61818
61827
61834
61841
61876
61879
61888
61901
61904
61907
61921
61921
61925
61925
61927
61968
61987
61990
62013
62041
62046
62054
62055
62055
62062
62063
62088
62141
62143
62235
62247
62288
62289
62311
62314
62325
62334
62341
62346
62378
62380
62386
62386
62389
62390
62397
62401
62403
62453
62476
62482
62499
62516
62545
62548
62552
62566
62578
62601
62603
62606
62631
62639
62640
62660
62675
62678
62694
62695
62715
62717
62748
62765
62771
62778
62799
62811
62821
62827
62828
62849
62858
62877
62903
62923
62927
62932
62939
62963
62970
62979
62985
62990
62995
63002
63008
63027
63054
63065
63070
63074
63079
63079
63080
63084
63093
63094
63102
63114
63139
63140
63142
63158
63159
63165
63165
63184
63188
63190
63192
63216
63222
63245
63245
63246
63287
63292
63296
63309
63320
63320
63338
63340
63385
63410
63420
63449
63452
63460
63469
63479
63490
63495
63504
63513
63515
63519
63519
63528
63538
63542
63543
63549
63556
63565
63581
63589
63596
63605
63609
63615
63617
63623
63644
63652
63656
63672
63688
63694
63704
63726
63751
63757
63763
63773
63780
63791
63792
63819
63832
63837
63845
63855
63857
63898
63901
63903
63936
63959
63960
63972
63979
63989
63992
63996
64006
64015
64027
64043
64063
64076
64077
64077
64098
64099
64107
64116
64118
64120
64124
64150
64158
64193
64205
64212
64222
64240
64285
64287
64290
64291
64292
64294
64298
64299
64307
64310
64327
64333
64350
64360
64361
64362
64367
64371
64397
64413
64416
64417
64420
64444
64447
64475
64476
64503
64509
64513
64519
64523
64524
64528
64530
64531
64537
64542
64542
64545
64564
64566
64588
64646
64652
64655
64659
64676
64678
64685
64704
64713
64717
64734
64743
64747
64788
64807
64816
64826
64841
64846
64848
64852
64866
64873
64873
64877
64877
64878
64886
64899
64915
64928
64933
64938
64938
64949
64957
64968
64985
64990
65026
65027
65042
65059
65061
65070
65070
65077
65086
65087
65094
65110
65111
65114
65126
65127
65131
65133
65149
65150
65172
65190
65191
65202
65203
65216
65217
65224
65232
65234
65247
65251
65259
65260
65277
65286
65300
65327
65328
65340
65348
65351
65406
65443
65445
65457
65469
65473
65498
65505
65581
65605
65625
65658
65668
65682
65688
65689
65693
65696
65707
65715
65722
65731
65751
65774
65776
65778
65801
65802
65817
65820
65830
65836
65843
65861
65866
65872
65887
65896
65910
65926
65931
65957
65974
65975
65978
65981
65982
66014
66039
66045
66061
66065
66072
66092
66103
66108
66112
66116
66121
66126
66127
66130
66141
66148
66162
66163
66187
66191
66193
66194
66205
66232
66244
66244
66249
66259
66266
66270
66274
66287
66290
66292
66302
66331
66335
66366
66369
66372
66375
66375
66379
66383
66391
66396
66396
66399
66407
66445
66502
66506
66512
66514
66527
66547
66551
66558
66559
66565
66565
66579
66583
66584
66595
66600
66602
66608
66612
66621
66622
66623
66629
66641
66649
66651
66703
66756
66762
66768
66781
66796
66806
66826
66851
66855
66871
66882
66890
66913
66930
66930
66943
66944
66945
66956
66982
66999
67001
67005
67016
67026
67045
67053
67064
67071
67091
67095
67099
67133
67138
67140
67144
67163
67167
67169
67195
67199
67201
67210
67210
67215
67232
67239
67249
67255
67261
67276
67280
67290
67304
67319
67325
67327
67331
67343
67343
67353
67371
67381
67389
67403
67420
67436
67436
67438
67451
67457
67463
67464
67484
67484
67488
67489
67493
67494
67499
67513
67522
67534
67561
67562
67566
67581
67585
67595
67607
67608
67620
67620
67650
67657
67674
67674
67700
67720
67735
67735
67761
67780
67810
67811
67817
67837
67844
67892
67923
67943
67943
67961
67964
67971
67983
67993
67999
68004
68012
68017
68042
68044
68071
68087
68101
68114
68115
68125
68130
68142
68156
68156
68168
68176
68187
68191
68196
68203
68210
68220
68226
68227
68229
68231
68279
68297
68302
68302
68306
68307
68326
68333
68344
68346
68351
68387
68387
68397
68398
68404
68413
68417
68425
68428
68449
68451
68487
68507
68516
68520
68538
68555
68566
68595
68598
68604
68604
68628
68630
68640
68651
68662
68667
68668
68692
68692
68718
68726
68730
68743
68754
68759
68775
68785
68790
68805
68812
68855
68862
68870
68887
68893
68902
68913
68915
68936
68954
68980
68980
68983
69000
69042
69046
69051
69052
69063
69063
69080
69087
69114
69129
69131
69145
69170
69175
69199
69202
69204
69212
69213
69224
69227
69229
69230
69241
69243
69254
69254
69269
69272
69275
69279
69281
69285
69286
69287
69293
69296
69300
69319
69320
69346
69348
69394
69406
69407
69414
69414
69414
69414
69418
69429
69450
69466
69473
69478
69503
69512
69521
69545
69546
69587
69589
69598
69617
69666
69696
69719
69728
69732
69758
69765
69767
69769
69769
69778
69778
69805
69810
69816
69827
69829
69832
69848
69851
69861
69869
69873
69874
69912
69916
69917
69945
69952
69960
69967
69967
69977
69980
69982
69985
69992
70003
70004
70018
70025
70031
70045
70050
70051
70056
70059
70065
70068
70072
70077
70096
70102
70105
70114
70129
70148
70170
70179
70203
70211
70237
70245
70247
70250
70264
70286
70286
70289
70296
70299
70324
70326
70342
70345
70353
70361
70363
70366
70384
70410
70418
70442
70465
70477
70480
70490
70492
70503
70504
70506
70514
70514
70515
70517
70524
70539
70550
70555
70570
70616
70617
70636
70644
70658
70683
70688
70704
70716
70718
70719
70744
70754
70755
70758
70759
70768
70787
70793
70825
70832
70853
70853
70861
70871
70871
70874
70877
70887
70888
70910
70917
70925
70939
70941
70947
70953
70970
70971
70980
70987
70990
70993
71006
71011
71011
71018
71036
71059
71065
71077
71080
71080
71090
71126
71167
71171
71187
71187
71189
71220
71227
71230
71236
71269
71271
71283
71290
71310
71312
71329
71334
71344
71351
71354
71354
71355
71364
71378
71399
71409
71410
71418
71421
71432
71442
71481
71494
71503
71507
71512
71514
71526
71538
71547
71571
71578
71602
71603
71608
71638
71645
71656
71661
71668
71668
71713
71741
71743
71744
71744
71746
71746
71747
71777
71778
71787
71792
71805
71835
71849
71870
71896
71900
71924
71965
71966
71976
71977
71998
72000
72017
72028
72049
72051
72078
72094
72109
72120
72139
72161
72163
72165
72188
72190
72224
72230
72234
72235
72240
72255
72288
72289
72291
72293
72341
72342
72347
72352
72363
72365
72373
72396
72405
72413
72420
72426
72430
72438
72443
72464
72468
72473
72479
72485
72490
72501
72512
72513
72529
72535
72538
72538
72557
72581
72583
72599
72606
72609
72612
72614
72622
72623
72644
72649
72660
72684
72685
72699
72726
72729
72784
72789
72820
72860
72861
72874
72885
72894
72896
72901
72953
72978
72983
73002
73010
73015
73015
73043
73062
73075
73097
73098
73121
73122
73125
73139
73173
73179
73193
73194
73215
73222
73225
73233
73241
73242
73247
73251
73254
73271
73274
73290
73315
73318
73322
73330
73341
73349
73361
73367
73368
73370
73380
73385
73394
73396
73397
73418
73428
73433
73434
73436
73442
73445
73458
73463
73490
73509
73509
73513
73530
73536
73565
73574
73578
73593
73598
73603
73609
73633
73643
73662
73676
73684
73689
73693
73696
73698
73704
73721
73728
73742
73747
73749
73765
73795
73798
73811
73818
73820
73821
73890
73897
73900
73901
73916
73921
73933
73965
74054
74062
74067
74071
74072
74075
74107
74110
74118
74125
74127
74143
74145
74150
74183
74208
74248
74252
74253
74272
74273
74278
74278
74279
74293
74311
74325
74328
74353
74383
74390
74414
74416
74436
74442
74444
74448
74477
74501
74515
74517
74519
74525
74529
74534
74554
74556
74563
74569
74576
74578
74584
74585
74595
74602
74614
74614
74623
74631
74638
74647
74654
74665
74667
74678
74679
74681
74698
74717
74719
74723
74757
74758
74763
74765
74769
74771
74789
74792
74793
74801
74803
74816
74839
74880
74885
74886
74895
74904
74915
74924
74925
74932
74940
74943
74943
74947
74951
74953
74957
74962
74979
74982
75022
75043
75059
75066
75068
75077
75080
75084
75096
75097
75101
75110
75121
75125
75131
75135
75169
75170
75172
75177
75182
75188
75199
75201
75211
75214
75217
75246
75247
75258
75259
75297
75365
75397
75399
75400
75402
75405
75412
75416
75471
75480
75485
75490
75506
75518
75547
75548
75548
75548
75554
75575
75579
75588
75596
75606
75636
75644
75656
75656
75658
75669
75672
75704
75705
75710
75723
75727
75728
75735
75741
75753
75769
75784
75790
75796
75799
75800
75801
75835
75840
75883
75884
75922
75924
75929
75937
75940
75950
75986
75992
75995
76004
76004
76016
76030
76063
76065
76069
76134
76135
76159
76193
76196
76199
76206
76217
76241
76247
76251
76267
76268
76272
76273
76285
76294
76300
76326
76331
76338
76339
76344
76351
76362
76363
76371
76386
76390
76394
76397
76410
76412
76419
76445
76452
76458
76459
76463
76465
76470
76473
76520
76529
76538
76544
76548
76552
76564
76567
76587
76619
76624
76639
76654
76677
76690
76696
76702
76704
76711
76718
76722
76724
76746
76773
76788
76791
76827
76832
76857
76912
76957
76973
76973
76980
76986
76990
76991
76997
77010
77022
77043
77085
77085
77088
77092
77122
77139
77140
77141
77146
77147
77147
77148
77160
77184
77190
77192
77193
77196
77198
77201
77218
77220
77223
77229
77235
77239
77249
77250
77251
77256
77258
77259
77265
77268
77271
77271
77279
77288
77294
77314
77315
77315
77320
77320
77327
77333
77336
77357
77364
77365
77372
77380
77407
77410
77415
77416
77417
77419
77430
77438
77460
77461
77466
77481
77482
77486
77505
77519
77529
77533
77535
77546
77548
77558
77558
77565
77580
77606
77633
77638
77643
77643
77646
77657
77658
77683
77687
77694
77703
77711
77715
77717
77731
77734
77744
77755
77757
77758
77768
77779
77795
77796
77799
77815
77825
77831
77844
77849
77857
77865
77869
77896
77908
77911
77916
77926
77934
77935
77948
77951
77954
77986
77994
78007
78013
78026
78027
78050
78055
78073
78076
78089
78089
78093
78096
78110
78114
78125
78127
78149
78154
78160
78164
78169
78180
78187
78188
78206
78221
78226
78232
78238
78238
78246
78248
78269
78273
78306
78315
78316
78324
78330
78337
78345
78354
78380
78387
78392
78401
78402
78402
78413
78417
78425
78435
78445
78455
78468
78488
78489
78491
78494
78542
78546
78554
78561
78575
78577
78626
78633
78645
78691
78704
78744
78760
78790
78792
78804
78819
78835
78836
78846
78861
78872
78878
78885
78890
78893
78907
78918
78937
78940
78944
78955
78955
78979
78985
78989
78997
79031
79045
79053
79056
79079
79084
79103
79107
79124
79132
79145
79152
79153
79172
79174
79182
79186
79186
79187
79189
79209
79209
79211
79212
79219
79220
79223
79242
79264
79271
79277
79293
79316
79319
79332
79334
79339
79343
79348
79348
79351
79354
79357
79368
79381
79384
79396
79403
79409
79420
79441
79451
79461
79464
79475
79499
79532
79546
79550
79552
79555
79568
79627
79630
79638
79647
79649
79649
79650
79659
79661
79664
79666
79672
79673
79676
79678
79680
79692
79694
79695
79729
79743
79747
79748
79778
79787
79799
79801
79801
79810
79825
79827
79828
79836
79859
79870
79890
79893
79894
79897
79903
79908
79925
79938
79947
79952
79955
79968
79971
79977
79991
80005
80007
80013
80023
80028
80028
80043
80048
80052
80071
80073
80076
80094
80131
80154
80155
80171
80174
80175
80175
80175
80190
80196
80201
80206
80219
80224
80228
80262
80263
80275
80306
80317
80321
80325
80366
80373
80379
80394
80397
80409
80412
80413
80414
80418
80426
80431
80437
80443
80458
80460
80468
80473
80481
80487
80503
80505
80512
80515
80520
80520
80525
80530
80536
80561
80562
80569
80591
80618
80635
80640
80646
80646
80665
80696
80699
80713
80715
80715
80730
80740
80745
80747
80751
80758
80760
80789
80807
80821
80823
80825
80828
80844
80859
80865
80879
80901
80901
80909
80920
80924
80940
80949
80967
80995
80997
81040
81056
81067
81089
81095
81097
81100
81101
81101
81129
81169
81170
81196
81222
81260
81266
81276
81277
81281
81283
81301
81303
81308
81315
81321
81321
81323
81353
81355
81359
81360
81372
81404
81431
81433
81445
81458
81468
81479
81480
81503
81509
81510
81514
81534
81536
81555
81572
81576
81578
81587
81588
81595
81598
81609
81648
81655
81665
81711
81712
81718
81736
81742
81789
81794
81813
81840
81841
81846
81868
81877
81881
81897
81897
81900
81921
81943
81965
81970
81978
82006
82010
82026
82029
82038
82044
82058
82077
82081
82091
82095
82096
82123
82146
82157
82161
82166
82167
82168
82168
82190
82192
82242
82247
82261
82265
82299
82304
82309
82337
82339
82364
82388
82391
82400
82414
82416
82416
82417
82422
82431
82435
82446
82450
82455
82456
82459
82474
82476
82483
82495
82499
82518
82523
82564
82564
82566
82583
82584
82587
82599
82603
82616
82619
82637
82646
82647
82649
82660
82667
82672
82680
82692
82698
82703
82703
82717
82727
82728
82730
82734
82741
82750
82766
82769
82780
82797
82801
82804
82829
82864
82867
82868
82909
82929
82930
82932
82935
82939
82979
82984
82993
82994
83073
83077
83078
83099
83107
83116
83118
83137
83145
83146
83146
83148
83161
83167
83189
83211
83214
83216
83231
83234
83235
83251
83255
83262
83273
83285
83288
83294
83309
83313
83313
83316
83353
83362
83365
83376
83388
83409
83414
83430
83451
83451
83453
83476
83484
83493
83500
83505
83514
83526
83538
83547
83560
83561
83576
83583
83585
83591
83607
83610
83631
83638
83645
83655
83661
83674
83682
83684
83692
83692
83703
83710
83711
83717
83747
83750
83772
83775
83800
83806
83821
83823
83829
83845
83853
83860
83878
83885
83891
83892
83893
83895
83898
83910
83922
83928
83930
83935
83943
83948
83949
83958
83966
84018
84029
84030
84032
84038
84054
84069
84091
84108
84112
84114
84117
84127
84131
84138
84151
84165
84166
84176
84176
84179
84182
84190
84199
84208
84214
84216
84219
84236
84250
84268
84270
84284
84297
84307
84316
84322
84350
84354
84362
84386
84396
84398
84420
84421
84438
84448
84459
84482
84494
84508
84509
84511
84559
84561
84566
84571
84578
84617
84624
84646
84646
84653
84660
84663
84679
84687
84688
84691
84693
84694
84696
84703
84735
84773
84778
84779
84801
84807
84838
84844
84845
84894
84922
84927
84938
84989
84997
85005
85018
85020
85022
85025
85031
85051
85054
85056
85063
85066
85071
85073
85073
85088
85092
85103
85117
85121
85123
85123
85144
85145
85149
85156
85166
85172
85192
85192
85207
85215
85231
85235
85246
85261
85266
85278
85282
85283
85291
85301
85309
85315
85317
85323
85349
85365
85369
85375
85410
85411
85412
85414
85415
85420
85425
85425
85468
85482
85493
85493
85502
85512
85515
85517
85539
85553
85557
85558
85571
85578
85585
85591
85593
85607
85618
85635
85640
85646
85659
85660
85665
85670
85684
85690
85692
85717
85736
85747
85752
85765
85769
85776
85784
85793
85793
85795
85804
85829
85837
85841
85842
85846
85853
85855
85860
85891
85897
85899
85913
85913
85918
85925
85947
85949
85954
85968
85977
85980
85990
85993
86018
86018
86043
86045
86065
86066
86077
86079
86101
86128
86131
86135
86140
86142
86154
86157
86165
86165
86166
86173
86195
86205
86208
86211
86230
86267
86277
86306
86306
86321
86327
86334
86342
86369
86374
86377
86380
86402
86420
86434
86435
86443
86474
86481
86494
86507
86510
86522
86542
86561
86573
86578
86585
86587
86588
86591
86597
86598
86598
86599
86603
86609
86619
86622
86622
86630
86656
86668
86691
86704
86704
86710
86736
86750
86759
86786
86804
86809
86818
86835
86855
86861
86862
86863
86870
86877
86883
86884
86894
86908
86915
86922
86932
86936
86948
86955
86959
86987
86988
86994
86999
87008
87008
87014
87015
87021
87028
87030
87033
87040
87041
87050
87060
87067
87101
87107
87110
87112
87126
87145
87182
87182
87188
87190
87192
87214
87215
87222
87233
87260
87265
87282
87294
87307
87310
87317
87320
87321
87340
87345
87361
87362
87365
87366
87384
87394
87410
87436
87436
87436
87441
87442
87460
87466
87469
87521
87528
87540
87542
87545
87574
87574
87584
87585
87587
87601
87603
87621
87625
87626
87634
87644
87662
87679
87717
87718
87727
87730
87744
87751
87753
87756
87759
87789
87790
87798
87804
87812
87831
87834
87841
87858
87860
87883
87904
87905
87905
87910
87925
87927
87934
87953
87957
87979
87995
88016
88022
88024
88033
88048
88051
88051
88066
88077
88078
88087
88087
88088
88123
88126
88142
88144
88161
88171
88180
88194
88200
88201
88208
88213
88214
88217
88222
88235
88242
88248
88278
88279
88287
88298
88300
88308
88310
88318
88328
88329
88345
88347
88349
88354
88354
88360
88381
88381
88382
88401
88405
88406
88424
88442
88449
88490
88509
88525
88541
88549
88559
88560
88565
88569
88581
88588
88591
88599
88602
88612
88614
88621
88623
88626
88639
88642
88647
88648
88654
88666
88672
88678
88691
88702
88714
88716
88718
88725
88732
88745
88752
88766
88771
88772
88773
88774
88778
88780
88796
88800
88807
88814
88822
88834
88867
88873
88883
88916
88919
88924
88932
88935
88943
88956
88974
88994
89016
89019
89021
89024
89025
89042
89044
89044
89046
89074
89078
89081
89115
89147
89160
89162
89170
89171
89190
89239
89239
89278
89282
89287
89294
89299
89337
89349
89355
89365
89368
89413
89419
89421
89435
89438
89442
89465
89476
89477
89479
89481
89485
89488
89495
89503
89528
89534
89542
89547
89551
89598
89600
89601
89601
89611
89614
89620
89643
89644
89651
89656
89657
89657
89715
89729
89731
89756
89766
89779
89783
89805
89810
89826
89839
89877
89879
89917
89926
89942
89947
89956
89956
89991
90034
90041
90047
90065
90065
90097
90116
90121
90123
90126
90147
90150
90174
90176
90184
90231
90233
90249
90251
90256
90263
90287
90296
90297
90304
90335
90343
90354
90362
90380
90382
90387
90397
90405
90422
90423
90429
90449
90460
90470
90472
90485
90488
90488
90496
90501
90502
90503
90522
90526
90535
90536
90549
90550
90551
90587
90593
90641
90667
90671
90676
90681
90701
90704
90716
90720
90743
90753
90758
90767
90791
90794
90795
90799
90808
90817
90831
90832
90840
90847
90848
90854
90862
90866
90874
90887
90903
90912
90913
90919
90926
90948
90958
90976
90993
91037
91040
91058
91058
91071
91074
91082
91087
91090
91095
91112
91124
91124
91130
91130
91133
91135
91157
91159
91161
91190
91194
91199
91227
91262
91267
91268
91270
91275
91286
91291
91316
91317
91320
91321
91339
91345
91352
91371
91393
91411
91418
91420
91425
91425
91431
91432
91437
91447
91465
91474
91477
91477
91478
91481
91482
91493
91523
91530
91542
91560
91561
91562
91562
91565
91566
91570
91571
91579
91583
91599
91609
91612
91630
91631
91632
91633
91634
91647
91649
91657
91666
91669
91677
91678
91680
91686
91695
91697
91703
91728
91748
91749
91759
91769
91771
91773
91776
91777
91802
91809
91820
91826
91830
91831
91837
91848
91854
91870
91872
91883
91890
91893
91898
91903
91904
91906
91912
91918
91935
91939
91946
91956
91956
91962
91974
91988
92005
92005
92005
92024
92025
92051
92051
92068
92075
92086
92087
92092
92094
92103
92103
92105
92112
92130
92132
92133
92141
92142
92153
92161
92162
92198
92200
92203
92213
92220
92226
92242
92271
92282
92286
92309
92320
92325
92333
92341
92363
92368
92368
92373
92380
92392
92394
92399
92403
92408
92415
92433
92446
92455
92456
92470
92471
92483
92501
92507
92512
92523
92536
92555
92560
92585
92585
92595
92601
92605
92617
92621
92622
92643
92658
92660
92670
92675
92681
92681
92688
92691
92692
92698
92699
92701
92711
92715
92718
92731
92738
92756
92759
92791
92811
92826
92835
92838
92892
92925
92931
92935
92946
92947
92956
92960
92970
92974
92993
93000
93003
93018
93019
93034
93036
93038
93039
93039
93053
93060
93060
93062
93074
93090
93094
93099
93114
93118
93120
93121
93146
93147
93159
93186
93186
93199
93202
93218
93228
93235
93236
93236
93266
93269
93301
93313
93313
93317
93327
93330
93343
93372
93374
93375
93375
93396
93397
93424
93429
93430
93437
93444
93454
93455
93468
93476
93477
93487
93493
93506
93524
93536
93537
93539
93539
93539
93541
93548
93553
93561
93566
93572
93596
93600
93602
93604
93610
93614
93622
93622
93653
93655
93669
93672
93679
93695
93695
93701
93710
93722
93723
93732
93733
93765
93772
93775
93784
93787
93791
93804
93808
93817
93830
93862
93877
93883
93899
93918
93922
93924
93926
93935
93938
93954
93956
93973
93992
94011
94030
94041
94048
94054
94065
94066
94069
94083
94098
94105
94120
94123
94123
94127
94144
94155
94158
94171
94173
94180
94181
94199
94210
94219
94226
94240
94248
94267
94274
94285
94300
94304
94305
94316
94325
94328
94337
94369
94376
94382
94386
94388
94392
94395
94395
94401
94414
94428
94435
94450
94452
94453
94470
94505
94509
94511
94512
94514
94520
94524
94539
94540
94557
94576
94578
94580
94602
94658
94670
94677
94680
94685
94694
94702
94705
94706
94710
94718
94728
94741
94747
94754
94768
94772
94793
94805
94819
94860
94862
94863
94883
94904
94925
94936
94949
94975
94995
95023
95024
95041
95047
95049
95051
95053
95065
95076
95077
95079
95080
95094
95097
95112
95128
95132
95147
95154
95176
95198
95198
95198
95206
95231
95237
95250
95253
95262
95265
95268
95279
95308
95311
95359
95366
95376
95392
95395
95396
95398
95400
95402
95407
95419
95429
95433
95450
95459
95464
95470
95479
95481
95483
95485
95512
95513
95515
95515
95524
95539
95557
95574
95586
95594
95605
95609
95622
95640
95641
95650
95653
95657
95659
95674
95696
95701
95711
95712
95716
95722
95741
95750
95751
95759
95775
95788
95803
95804
95825
95830
95838
95842
95879
95883
95890
95901
95929
95929
95935
95936
95958
95958
95963
95967
95975
95980
95986
95999
96007
96013
96019
96021
96027
96033
96047
96053
96054
96063
96068
96073
96120
96125
96125
96128
96155
96160
96165
96171
96178
96187
96187
96190
96193
96205
96208
96213
96218
96228
96238
96259
96265
96271
96316
96318
96321
96336
96346
96347
96359
96378
96391
96399
96404
96422
96450
96452
96470
96477
96483
96486
96512
96519
96528
96529
96548
96555
96556
96566
96581
96582
96587
96622
96632
96637
96684
96693
96716
96726
96771
96781
96792
96796
96804
96807
96820
96821
96837
96837
96847
96849
96852
96875
96875
96884
96916
96917
96924
96944
96955
96957
96965
96968
96978
96990
96996
97006
97041
97043
97052
97059
97070
97125
97131
97144
97160
97189
97209
97209
97223
97226
97230
97249
97255
97258
97261
97264
97275
97292
97295
97310
97319
97345
97346
97348
97362
97377
97379
97381
97398
97399
97422
97424
97475
97478
97479
97483
97496
97507
97508
97515
97522
97531
97533
97549
97567
97578
97590
97590
97598
97604
97631
97645
97646
97646
97649
97651
97669
97672
97676
97688
97689
97701
97706
97714
97720
97725
97730
97746
97748
97763
97805
97819
97834
97835
97838
97847
97850
97850
97861
97879
97883
97894
97904
97921
97936
97950
97951
97954
97955
97961
97973
97989
97991
97995
98000
98002
98002
98006
98011
98034
98037
98046
98058
98065
98101
98123
98134
98136
98151
98155
98166
98178
98181
98182
98187
98191
98196
98207
98216
98217
98229
98238
98258
98261
98264
98278
98282
98290
98315
98317
98320
98331
98343
98343
98382
98386
98389
98397
98402
98420
98433
98438
98444
98463
98464
98476
98485
98485
98489
98489
98495
98504
98508
98523
98553
98565
98568
98570
98581
98599
98602
98613
98633
98633
98639
98648
98658
98664
98672
98674
98681
98683
98732
98736
98736
98741
98757
98772
98789
98791
98810
98817
98818
98818
98826
98827
98834
98836
98841
98849
98859
98873
98960
98967
98992
99003
99015
99029
99059
99066
99074
99077
99093
99101
99113
99123
99168
99172
99197
99202
99206
99215
99216
99222
99224
99229
99233
99257
99257
99278
99309
99314
99330
99331
99332
99343
99347
99348
99354
99378
99380
99383
99397
99421
99435
99442
99448
99471
99487
99514
99523
99526
99528
99529
99532
99532
99534
99538
99541
99543
99546
99550
99593
99603
99609
99633
99638
99641
99646
99661
99663
99669
99669
99673
99674
99685
99695
99704
99704
99706
99710
99805
99809
99838
99844
99850
99865
99872
99878
99887
99891
99891
99921
99925
99928
99929
99932
99948
99962
99966
99980
99981
99989
99992
99994
99996
99998
