99998
99996
99994
99992
99989
99981
99980
99966
99962
99948
99932
99929
99928
99925
99921
99891
99891
99887
99878
99872
99865
99850
99844
99838
99809
99805
99710
99706
99704
99704
99695
99685
99674
99673
99669
99669
99663
99661
99646
99641
99638
99633
99609
99603
99593
99550
99546
99543
99541
99538
99534
99532
99532
99529
99528
99526
99523
99514
99487
99471
99448
99442
99435
99421
99397
99383
99380
99378
99354
99348
99347
99343
99332
99331
99330
99314
99309
99278
99257
99257
99233
99229
99224
99222
99216
99215
99206
99202
99197
99172
99168
99123
99113
99101
99093
99077
99074
99066
99059
99029
99015
99003
98992
98967
98960
98873
98859
98849
98841
98836
98834
98827
98826
98818
98818
98817
98810
98791
98789
98772
98757
98741
98736
98736
98732
98683
98681
98674
98672
98664
98658
98648
98639
98633
98633
98613
98602
98599
98581
98570
98568
98565
98553
98523
98508
98504
98495
98489
98489
98485
98485
98476
98464
98463
98444
98438
98433
98420
98402
98397
98389
98386
98382
98343
98343
98331
98320
98317
98315
98290
98282
98278
98264
98261
98258
98238
98229
98217
98216
98207
98196
98191
98187
98182
98181
98178
98166
98155
98151
98136
98134
98123
98101
98065
98058
98046
98037
98034
98011
98006
98002
98002
98000
97995
97991
97989
97973
97961
97955
97954
97951
97950
97936
97921
97904
97894
97883
97879
97861
97850
97850
97847
97838
97835
97834
97819
97805
97763
97748
97746
97730
97725
97720
97714
97706
97701
97689
97688
97676
97672
97669
97651
97649
97646
97646
97645
97631
97604
97598
97590
97590
97578
97567
97549
97533
97531
97522
97515
97508
97507
97496
97483
97479
97478
97475
97424
97422
97399
97398
97381
97379
97377
97362
97348
97346
97345
97319
97310
97295
97292
97275
97264
97261
97258
97255
97249
97230
97226
97223
97209
97209
97189
97160
97144
97131
97125
97070
97059
97052
97043
97041
97006
96996
96990
96978
96968
96965
96957
96955
96944
96924
96917
96916
96884
96875
96875
96852
96849
96847
96837
96837
96821
96820
96807
96804
96796
96792
96781
96771
96726
96716
96693
96684
96637
96632
96622
96587
96582
96581
96566
96556
96555
96548
96529
96528
96519
96512
96486
96483
96477
96470
96452
96450
96422
96404
96399
96391
96378
96359
96347
96346
96336
96321
96318
96316
96271
96265
96259
96238
96228
96218
96213
96208
96205
96193
96190
96187
96187
96178
96171
96165
96160
96155
96128
96125
96125
96120
96073
96068
96063
96054
96053
96047
96033
96027
96021
96019
96013
96007
95999
95986
95980
95975
95967
95963
95958
95958
95936
95935
95929
95929
95901
95890
95883
95879
95842
95838
95830
95825
95804
95803
95788
95775
95759
95751
95750
95741
95722
95716
95712
95711
95701
95696
95674
95659
95657
95653
95650
95641
95640
95622
95609
95605
95594
95586
95574
95557
95539
95524
95515
95515
95513
95512
95485
95483
95481
95479
95470
95464
95459
95450
95433
95429
95419
95407
95402
95400
95398
95396
95395
95392
95376
95366
95359
95311
95308
95279
95268
95265
95262
95253
95250
95237
95231
95206
95198
95198
95198
95176
95154
95147
95132
95128
95112
95097
95094
95080
95079
95077
95076
95065
95053
95051
95049
95047
95041
95024
95023
94995
94975
94949
94936
94925
94904
94883
94863
94862
94860
94819
94805
94793
94772
94768
94754
94747
94741
94728
94718
94710
94706
94705
94702
94694
94685
94680
94677
94670
94658
94602
94580
94578
94576
94557
94540
94539
94524
94520
94514
94512
94511
94509
94505
94470
94453
94452
94450
94435
94428
94414
94401
94395
94395
94392
94388
94386
94382
94376
94369
94337
94328
94325
94316
94305
94304
94300
94285
94274
94267
94248
94240
94226
94219
94210
94199
94181
94180
94173
94171
94158
94155
94144
94127
94123
94123
94120
94105
94098
94083
94069
94066
94065
94054
94048
94041
94030
94011
93992
93973
93956
93954
93938
93935
93926
93924
93922
93918
93899
93883
93877
93862
93830
93817
93808
93804
93791
93787
93784
93775
93772
93765
93733
93732
93723
93722
93710
93701
93695
93695
93679
93672
93669
93655
93653
93622
93622
93614
93610
93604
93602
93600
93596
93572
93566
93561
93553
93548
93541
93539
93539
93539
93537
93536
93524
93506
93493
93487
93477
93476
93468
93455
93454
93444
93437
93430
93429
93424
93397
93396
93375
93375
93374
93372
93343
93330
93327
93317
93313
93313
93301
93269
93266
93236
93236
93235
93228
93218
93202
93199
93186
93186
93159
93147
93146
93121
93120
93118
93114
93099
93094
93090
93074
93062
93060
93060
93053
93039
93039
93038
93036
93034
93019
93018
93003
93000
92993
92974
92970
92960
92956
92947
92946
92935
92931
92925
92892
92838
92835
92826
92811
92791
92759
92756
92738
92731
92718
92715
92711
92701
92699
92698
92692
92691
92688
92681
92681
92675
92670
92660
92658
92643
92622
92621
92617
92605
92601
92595
92585
92585
92560
92555
92536
92523
92512
92507
92501
92483
92471
92470
92456
92455
92446
92433
92415
92408
92403
92399
92394
92392
92380
92373
92368
92368
92363
92341
92333
92325
92320
92309
92286
92282
92271
92242
92226
92220
92213
92203
92200
92198
92162
92161
92153
92142
92141
92133
92132
92130
92112
92105
92103
92103
92094
92092
92087
92086
92075
92068
92051
92051
92025
92024
92005
92005
92005
91988
91974
91962
91956
91956
91946
91939
91935
91918
91912
91906
91904
91903
91898
91893
91890
91883
91872
91870
91854
91848
91837
91831
91830
91826
91820
91809
91802
91777
91776
91773
91771
91769
91759
91749
91748
91728
91703
91697
91695
91686
91680
91678
91677
91669
91666
91657
91649
91647
91634
91633
91632
91631
91630
91612
91609
91599
91583
91579
91571
91570
91566
91565
91562
91562
91561
91560
91542
91530
91523
91493
91482
91481
91478
91477
91477
91474
91465
91447
91437
91432
91431
91425
91425
91420
91418
91411
91393
91371
91352
91345
91339
91321
91320
91317
91316
91291
91286
91275
91270
91268
91267
91262
91227
91199
91194
91190
91161
91159
91157
91135
91133
91130
91130
91124
91124
91112
91095
91090
91087
91082
91074
91071
91058
91058
91040
91037
90993
90976
90958
90948
90926
90919
90913
90912
90903
90887
90874
90866
90862
90854
90848
90847
90840
90832
90831
90817
90808
90799
90795
90794
90791
90767
90758
90753
90743
90720
90716
90704
90701
90681
90676
90671
90667
90641
90593
90587
90551
90550
90549
90536
90535
90526
90522
90503
90502
90501
90496
90488
90488
90485
90472
90470
90460
90449
90429
90423
90422
90405
90397
90387
90382
90380
90362
90354
90343
90335
90304
90297
90296
90287
90263
90256
90251
90249
90233
90231
90184
90176
90174
90150
90147
90126
90123
90121
90116
90097
90065
90065
90047
90041
90034
89991
89956
89956
89947
89942
89926
89917
89879
89877
89839
89826
89810
89805
89783
89779
89766
89756
89731
89729
89715
89657
89657
89656
89651
89644
89643
89620
89614
89611
89601
89601
89600
89598
89551
89547
89542
89534
89528
89503
89495
89488
89485
89481
89479
89477
89476
89465
89442
89438
89435
89421
89419
89413
89368
89365
89355
89349
89337
89299
89294
89287
89282
89278
89239
89239
89190
89171
89170
89162
89160
89147
89115
89081
89078
89074
89046
89044
89044
89042
89025
89024
89021
89019
89016
88994
88974
88956
88943
88935
88932
88924
88919
88916
88883
88873
88867
88834
88822
88814
88807
88800
88796
88780
88778
88774
88773
88772
88771
88766
88752
88745
88732
88725
88718
88716
88714
88702
88691
88678
88672
88666
88654
88648
88647
88642
88639
88626
88623
88621
88614
88612
88602
88599
88591
88588
88581
88569
88565
88560
88559
88549
88541
88525
88509
88490
88449
88442
88424
88406
88405
88401
88382
88381
88381
88360
88354
88354
88349
88347
88345
88329
88328
88318
88310
88308
88300
88298
88287
88279
88278
88248
88242
88235
88222
88217
88214
88213
88208
88201
88200
88194
88180
88171
88161
88144
88142
88126
88123
88088
88087
88087
88078
88077
88066
88051
88051
88048
88033
88024
88022
88016
87995
87979
87957
87953
87934
87927
87925
87910
87905
87905
87904
87883
87860
87858
87841
87834
87831
87812
87804
87798
87790
87789
87759
87756
87753
87751
87744
87730
87727
87718
87717
87679
87662
87644
87634
87626
87625
87621
87603
87601
87587
87585
87584
87574
87574
87545
87542
87540
87528
87521
87469
87466
87460
87442
87441
87436
87436
87436
87410
87394
87384
87366
87365
87362
87361
87345
87340
87321
87320
87317
87310
87307
87294
87282
87265
87260
87233
87222
87215
87214
87192
87190
87188
87182
87182
87145
87126
87112
87110
87107
87101
87067
87060
87050
87041
87040
87033
87030
87028
87021
87015
87014
87008
87008
86999
86994
86988
86987
86959
86955
86948
86936
86932
86922
86915
86908
86894
86884
86883
86877
86870
86863
86862
86861
86855
86835
86818
86809
86804
86786
86759
86750
86736
86710
86704
86704
86691
86668
86656
86630
86622
86622
86619
86609
86603
86599
86598
86598
86597
86591
86588
86587
86585
86578
86573
86561
86542
86522
86510
86507
86494
86481
86474
86443
86435
86434
86420
86402
86380
86377
86374
86369
86342
86334
86327
86321
86306
86306
86277
86267
86230
86211
86208
86205
86195
86173
86166
86165
86165
86157
86154
86142
86140
86135
86131
86128
86101
86079
86077
86066
86065
86045
86043
86018
86018
85993
85990
85980
85977
85968
85954
85949
85947
85925
85918
85913
85913
85899
85897
85891
85860
85855
85853
85846
85842
85841
85837
85829
85804
85795
85793
85793
85784
85776
85769
85765
85752
85747
85736
85717
85692
85690
85684
85670
85665
85660
85659
85646
85640
85635
85618
85607
85593
85591
85585
85578
85571
85558
85557
85553
85539
85517
85515
85512
85502
85493
85493
85482
85468
85425
85425
85420
85415
85414
85412
85411
85410
85375
85369
85365
85349
85323
85317
85315
85309
85301
85291
85283
85282
85278
85266
85261
85246
85235
85231
85215
85207
85192
85192
85172
85166
85156
85149
85145
85144
85123
85123
85121
85117
85103
85092
85088
85073
85073
85071
85066
85063
85056
85054
85051
85031
85025
85022
85020
85018
85005
84997
84989
84938
84927
84922
84894
84845
84844
84838
84807
84801
84779
84778
84773
84735
84703
84696
84694
84693
84691
84688
84687
84679
84663
84660
84653
84646
84646
84624
84617
84578
84571
84566
84561
84559
84511
84509
84508
84494
84482
84459
84448
84438
84421
84420
84398
84396
84386
84362
84354
84350
84322
84316
84307
84297
84284
84270
84268
84250
84236
84219
84216
84214
84208
84199
84190
84182
84179
84176
84176
84166
84165
84151
84138
84131
84127
84117
84114
84112
84108
84091
84069
84054
84038
84032
84030
84029
84018
83966
83958
83949
83948
83943
83935
83930
83928
83922
83910
83898
83895
83893
83892
83891
83885
83878
83860
83853
83845
83829
83823
83821
83806
83800
83775
83772
83750
83747
83717
83711
83710
83703
83692
83692
83684
83682
83674
83661
83655
83645
83638
83631
83610
83607
83591
83585
83583
83576
83561
83560
83547
83538
83526
83514
83505
83500
83493
83484
83476
83453
83451
83451
83430
83414
83409
83388
83376
83365
83362
83353
83316
83313
83313
83309
83294
83288
83285
83273
83262
83255
83251
83235
83234
83231
83216
83214
83211
83189
83167
83161
83148
83146
83146
83145
83137
83118
83116
83107
83099
83078
83077
83073
82994
82993
82984
82979
82939
82935
82932
82930
82929
82909
82868
82867
82864
82829
82804
82801
82797
82780
82769
82766
82750
82741
82734
82730
82728
82727
82717
82703
82703
82698
82692
82680
82672
82667
82660
82649
82647
82646
82637
82619
82616
82603
82599
82587
82584
82583
82566
82564
82564
82523
82518
82499
82495
82483
82476
82474
82459
82456
82455
82450
82446
82435
82431
82422
82417
82416
82416
82414
82400
82391
82388
82364
82339
82337
82309
82304
82299
82265
82261
82247
82242
82192
82190
82168
82168
82167
82166
82161
82157
82146
82123
82096
82095
82091
82081
82077
82058
82044
82038
82029
82026
82010
82006
81978
81970
81965
81943
81921
81900
81897
81897
81881
81877
81868
81846
81841
81840
81813
81794
81789
81742
81736
81718
81712
81711
81665
81655
81648
81609
81598
81595
81588
81587
81578
81576
81572
81555
81536
81534
81514
81510
81509
81503
81480
81479
81468
81458
81445
81433
81431
81404
81372
81360
81359
81355
81353
81323
81321
81321
81315
81308
81303
81301
81283
81281
81277
81276
81266
81260
81222
81196
81170
81169
81129
81101
81101
81100
81097
81095
81089
81067
81056
81040
80997
80995
80967
80949
80940
80924
80920
80909
80901
80901
80879
80865
80859
80844
80828
80825
80823
80821
80807
80789
80760
80758
80751
80747
80745
80740
80730
80715
80715
80713
80699
80696
80665
80646
80646
80640
80635
80618
80591
80569
80562
80561
80536
80530
80525
80520
80520
80515
80512
80505
80503
80487
80481
80473
80468
80460
80458
80443
80437
80431
80426
80418
80414
80413
80412
80409
80397
80394
80379
80373
80366
80325
80321
80317
80306
80275
80263
80262
80228
80224
80219
80206
80201
80196
80190
80175
80175
80175
80174
80171
80155
80154
80131
80094
80076
80073
80071
80052
80048
80043
80028
80028
80023
80013
80007
80005
79991
79977
79971
79968
79955
79952
79947
79938
79925
79908
79903
79897
79894
79893
79890
79870
79859
79836
79828
79827
79825
79810
79801
79801
79799
79787
79778
79748
79747
79743
79729
79695
79694
79692
79680
79678
79676
79673
79672
79666
79664
79661
79659
79650
79649
79649
79647
79638
79630
79627
79568
79555
79552
79550
79546
79532
79499
79475
79464
79461
79451
79441
79420
79409
79403
79396
79384
79381
79368
79357
79354
79351
79348
79348
79343
79339
79334
79332
79319
79316
79293
79277
79271
79264
79242
79223
79220
79219
79212
79211
79209
79209
79189
79187
79186
79186
79182
79174
79172
79153
79152
79145
79132
79124
79107
79103
79084
79079
79056
79053
79045
79031
78997
78989
78985
78979
78955
78955
78944
78940
78937
78918
78907
78893
78890
78885
78878
78872
78861
78846
78836
78835
78819
78804
78792
78790
78760
78744
78704
78691
78645
78633
78626
78577
78575
78561
78554
78546
78542
78494
78491
78489
78488
78468
78455
78445
78435
78425
78417
78413
78402
78402
78401
78392
78387
78380
78354
78345
78337
78330
78324
78316
78315
78306
78273
78269
78248
78246
78238
78238
78232
78226
78221
78206
78188
78187
78180
78169
78164
78160
78154
78149
78127
78125
78114
78110
78096
78093
78089
78089
78076
78073
78055
78050
78027
78026
78013
78007
77994
77986
77954
77951
77948
77935
77934
77926
77916
77911
77908
77896
77869
77865
77857
77849
77844
77831
77825
77815
77799
77796
77795
77779
77768
77758
77757
77755
77744
77734
77731
77717
77715
77711
77703
77694
77687
77683
77658
77657
77646
77643
77643
77638
77633
77606
77580
77565
77558
77558
77548
77546
77535
77533
77529
77519
77505
77486
77482
77481
77466
77461
77460
77438
77430
77419
77417
77416
77415
77410
77407
77380
77372
77365
77364
77357
77336
77333
77327
77320
77320
77315
77315
77314
77294
77288
77279
77271
77271
77268
77265
77259
77258
77256
77251
77250
77249
77239
77235
77229
77223
77220
77218
77201
77198
77196
77193
77192
77190
77184
77160
77148
77147
77147
77146
77141
77140
77139
77122
77092
77088
77085
77085
77043
77022
77010
76997
76991
76990
76986
76980
76973
76973
76957
76912
76857
76832
76827
76791
76788
76773
76746
76724
76722
76718
76711
76704
76702
76696
76690
76677
76654
76639
76624
76619
76587
76567
76564
76552
76548
76544
76538
76529
76520
76473
76470
76465
76463
76459
76458
76452
76445
76419
76412
76410
76397
76394
76390
76386
76371
76363
76362
76351
76344
76339
76338
76331
76326
76300
76294
76285
76273
76272
76268
76267
76251
76247
76241
76217
76206
76199
76196
76193
76159
76135
76134
76069
76065
76063
76030
76016
76004
76004
75995
75992
75986
75950
75940
75937
75929
75924
75922
75884
75883
75840
75835
75801
75800
75799
75796
75790
75784
75769
75753
75741
75735
75728
75727
75723
75710
75705
75704
75672
75669
75658
75656
75656
75644
75636
75606
75596
75588
75579
75575
75554
75548
75548
75548
75547
75518
75506
75490
75485
75480
75471
75416
75412
75405
75402
75400
75399
75397
75365
75297
75259
75258
75247
75246
75217
75214
75211
75201
75199
75188
75182
75177
75172
75170
75169
75135
75131
75125
75121
75110
75101
75097
75096
75084
75080
75077
75068
75066
75059
75043
75022
74982
74979
74962
74957
74953
74951
74947
74943
74943
74940
74932
74925
74924
74915
74904
74895
74886
74885
74880
74839
74816
74803
74801
74793
74792
74789
74771
74769
74765
74763
74758
74757
74723
74719
74717
74698
74681
74679
74678
74667
74665
74654
74647
74638
74631
74623
74614
74614
74602
74595
74585
74584
74578
74576
74569
74563
74556
74554
74534
74529
74525
74519
74517
74515
74501
74477
74448
74444
74442
74436
74416
74414
74390
74383
74353
74328
74325
74311
74293
74279
74278
74278
74273
74272
74253
74252
74248
74208
74183
74150
74145
74143
74127
74125
74118
74110
74107
74075
74072
74071
74067
74062
74054
73965
73933
73921
73916
73901
73900
73897
73890
73821
73820
73818
73811
73798
73795
73765
73749
73747
73742
73728
73721
73704
73698
73696
73693
73689
73684
73676
73662
73643
73633
73609
73603
73598
73593
73578
73574
73565
73536
73530
73513
73509
73509
73490
73463
73458
73445
73442
73436
73434
73433
73428
73418
73397
73396
73394
73385
73380
73370
73368
73367
73361
73349
73341
73330
73322
73318
73315
73290
73274
73271
73254
73251
73247
73242
73241
73233
73225
73222
73215
73194
73193
73179
73173
73139
73125
73122
73121
73098
73097
73075
73062
73043
73015
73015
73010
73002
72983
72978
72953
72901
72896
72894
72885
72874
72861
72860
72820
72789
72784
72729
72726
72699
72685
72684
72660
72649
72644
72623
72622
72614
72612
72609
72606
72599
72583
72581
72557
72538
72538
72535
72529
72513
72512
72501
72490
72485
72479
72473
72468
72464
72443
72438
72430
72426
72420
72413
72405
72396
72373
72365
72363
72352
72347
72342
72341
72293
72291
72289
72288
72255
72240
72235
72234
72230
72224
72190
72188
72165
72163
72161
72139
72120
72109
72094
72078
72051
72049
72028
72017
72000
71998
71977
71976
71966
71965
71924
71900
71896
71870
71849
71835
71805
71792
71787
71778
71777
71747
71746
71746
71744
71744
71743
71741
71713
71668
71668
71661
71656
71645
71638
71608
71603
71602
71578
71571
71547
71538
71526
71514
71512
71507
71503
71494
71481
71442
71432
71421
71418
71410
71409
71399
71378
71364
71355
71354
71354
71351
71344
71334
71329
71312
71310
71290
71283
71271
71269
71236
71230
71227
71220
71189
71187
71187
71171
71167
71126
71090
71080
71080
71077
71065
71059
71036
71018
71011
71011
71006
70993
70990
70987
70980
70971
70970
70953
70947
70941
70939
70925
70917
70910
70888
70887
70877
70874
70871
70871
70861
70853
70853
70832
70825
70793
70787
70768
70759
70758
70755
70754
70744
70719
70718
70716
70704
70688
70683
70658
70644
70636
70617
70616
70570
70555
70550
70539
70524
70517
70515
70514
70514
70506
70504
70503
70492
70490
70480
70477
70465
70442
70418
70410
70384
70366
70363
70361
70353
70345
70342
70326
70324
70299
70296
70289
70286
70286
70264
70250
70247
70245
70237
70211
70203
70179
70170
70148
70129
70114
70105
70102
70096
70077
70072
70068
70065
70059
70056
70051
70050
70045
70031
70025
70018
70004
70003
69992
69985
69982
69980
69977
69967
69967
69960
69952
69945
69917
69916
69912
69874
69873
69869
69861
69851
69848
69832
69829
69827
69816
69810
69805
69778
69778
69769
69769
69767
69765
69758
69732
69728
69719
69696
69666
69617
69598
69589
69587
69546
69545
69521
69512
69503
69478
69473
69466
69450
69429
69418
69414
69414
69414
69414
69407
69406
69394
69348
69346
69320
69319
69300
69296
69293
69287
69286
69285
69281
69279
69275
69272
69269
69254
69254
69243
69241
69230
69229
69227
69224
69213
69212
69204
69202
69199
69175
69170
69145
69131
69129
69114
69087
69080
69063
69063
69052
69051
69046
69042
69000
68983
68980
68980
68954
68936
68915
68913
68902
68893
68887
68870
68862
68855
68812
68805
68790
68785
68775
68759
68754
68743
68730
68726
68718
68692
68692
68668
68667
68662
68651
68640
68630
68628
68604
68604
68598
68595
68566
68555
68538
68520
68516
68507
68487
68451
68449
68428
68425
68417
68413
68404
68398
68397
68387
68387
68351
68346
68344
68333
68326
68307
68306
68302
68302
68297
68279
68231
68229
68227
68226
68220
68210
68203
68196
68191
68187
68176
68168
68156
68156
68142
68130
68125
68115
68114
68101
68087
68071
68044
68042
68017
68012
68004
67999
67993
67983
67971
67964
67961
67943
67943
67923
67892
67844
67837
67817
67811
67810
67780
67761
67735
67735
67720
67700
67674
67674
67657
67650
67620
67620
67608
67607
67595
67585
67581
67566
67562
67561
67534
67522
67513
67499
67494
67493
67489
67488
67484
67484
67464
67463
67457
67451
67438
67436
67436
67420
67403
67389
67381
67371
67353
67343
67343
67331
67327
67325
67319
67304
67290
67280
67276
67261
67255
67249
67239
67232
67215
67210
67210
67201
67199
67195
67169
67167
67163
67144
67140
67138
67133
67099
67095
67091
67071
67064
67053
67045
67026
67016
67005
67001
66999
66982
66956
66945
66944
66943
66930
66930
66913
66890
66882
66871
66855
66851
66826
66806
66796
66781
66768
66762
66756
66703
66651
66649
66641
66629
66623
66622
66621
66612
66608
66602
66600
66595
66584
66583
66579
66565
66565
66559
66558
66551
66547
66527
66514
66512
66506
66502
66445
66407
66399
66396
66396
66391
66383
66379
66375
66375
66372
66369
66366
66335
66331
66302
66292
66290
66287
66274
66270
66266
66259
66249
66244
66244
66232
66205
66194
66193
66191
66187
66163
66162
66148
66141
66130
66127
66126
66121
66116
66112
66108
66103
66092
66072
66065
66061
66045
66039
66014
65982
65981
65978
65975
65974
65957
65931
65926
65910
65896
65887
65872
65866
65861
65843
65836
65830
65820
65817
65802
65801
65778
65776
65774
65751
65731
65722
65715
65707
65696
65693
65689
65688
65682
65668
65658
65625
65605
65581
65505
65498
65473
65469
65457
65445
65443
65406
65351
65348
65340
65328
65327
65300
65286
65277
65260
65259
65251
65247
65234
65232
65224
65217
65216
65203
65202
65191
65190
65172
65150
65149
65133
65131
65127
65126
65114
65111
65110
65094
65087
65086
65077
65070
65070
65061
65059
65042
65027
65026
64990
64985
64968
64957
64949
64938
64938
64933
64928
64915
64899
64886
64878
64877
64877
64873
64873
64866
64852
64848
64846
64841
64826
64816
64807
64788
64747
64743
64734
64717
64713
64704
64685
64678
64676
64659
64655
64652
64646
64588
64566
64564
64545
64542
64542
64537
64531
64530
64528
64524
64523
64519
64513
64509
64503
64476
64475
64447
64444
64420
64417
64416
64413
64397
64371
64367
64362
64361
64360
64350
64333
64327
64310
64307
64299
64298
64294
64292
64291
64290
64287
64285
64240
64222
64212
64205
64193
64158
64150
64124
64120
64118
64116
64107
64099
64098
64077
64077
64076
64063
64043
64027
64015
64006
63996
63992
63989
63979
63972
63960
63959
63936
63903
63901
63898
63857
63855
63845
63837
63832
63819
63792
63791
63780
63773
63763
63757
63751
63726
63704
63694
63688
63672
63656
63652
63644
63623
63617
63615
63609
63605
63596
63589
63581
63565
63556
63549
63543
63542
63538
63528
63519
63519
63515
63513
63504
63495
63490
63479
63469
63460
63452
63449
63420
63410
63385
63340
63338
63320
63320
63309
63296
63292
63287
63246
63245
63245
63222
63216
63192
63190
63188
63184
63165
63165
63159
63158
63142
63140
63139
63114
63102
63094
63093
63084
63080
63079
63079
63074
63070
63065
63054
63027
63008
63002
62995
62990
62985
62979
62970
62963
62939
62932
62927
62923
62903
62877
62858
62849
62828
62827
62821
62811
62799
62778
62771
62765
62748
62717
62715
62695
62694
62678
62675
62660
62640
62639
62631
62606
62603
62601
62578
62566
62552
62548
62545
62516
62499
62482
62476
62453
62403
62401
62397
62390
62389
62386
62386
62380
62378
62346
62341
62334
62325
62314
62311
62289
62288
62247
62235
62143
62141
62088
62063
62062
62055
62055
62054
62046
62041
62013
61990
61987
61968
61927
61925
61925
61921
61921
61907
61904
61901
61888
61879
61876
61841
61834
61827
61818
61803
61794
61794
61787
61757
61744
61742
61673
61670
61662
61659
61652
61649
61641
61636
61627
61619
61618
61613
61583
61582
61576
61561
61557
61549
61546
61546
61546
61527
61506
61492
61490
61489
61488
61476
61470
61466
61465
61459
61431
61418
61416
61400
61390
61381
61378
61375
61356
61350
61348
61335
61323
61321
61308
61293
61277
61271
61244
61240
61237
61202
61197
61188
61175
61164
61151
61133
61128
61126
61123
61065
61059
61057
61038
61007
61006
61004
60996
60987
60982
60981
60979
60968
60957
60954
60949
60946
60943
60937
60925
60915
60905
60904
60902
60892
60889
60886
60865
60859
60850
60829
60815
60796
60793
60790
60778
60777
60765
60746
60738
60733
60733
60714
60708
60707
60697
60694
60692
60667
60658
60626
60606
60600
60599
60597
60587
60559
60529
60512
60510
60507
60486
60462
60447
60446
60412
60409
60405
60393
60388
60355
60324
60314
60312
60309
60282
60276
60275
60274
60271
60259
60249
60242
60235
60232
60223
60218
60214
60207
60204
60201
60196
60173
60161
60142
60140
60127
60120
60119
60117
60117
60117
60104
60103
60076
60074
60046
60046
60046
60010
60007
60006
59988
59983
59964
59923
59886
59878
59877
59872
59865
59822
59816
59809
59808
59799
59788
59788
59759
59727
59725
59717
59710
59693
59693
59692
59688
59688
59687
59687
59685
59675
59675
59672
59647
59645
59640
59640
59610
59606
59604
59603
59598
59595
59567
59567
59563
59546
59545
59540
59533
59499
59473
59412
59400
59359
59355
59342
59331
59318
59314
59313
59307
59303
59300
59280
59255
59250
59245
59237
59228
59214
59204
59201
59193
59183
59167
59144
59142
59141
59131
59127
59125
59123
59117
59102
59095
59072
59072
59057
59049
58995
58990
58990
58988
58975
58970
58967
58959
58958
58948
58943
58934
58931
58923
58917
58884
58875
58867
58855
58835
58831
58826
58823
58797
58796
58791
58790
58758
58748
58737
58733
58721
58715
58714
58711
58709
58703
58701
58677
58663
58659
58651
58629
58603
58586
58579
58529
58506
58504
58498
58492
58491
58487
58452
58452
58451
58449
58448
58446
58446
58435
58417
58373
58367
58361
58345
58338
58329
58325
58320
58312
58297
58291
58289
58280
58276
58259
58257
58257
58252
58248
58243
58237
58214
58210
58198
58191
58186
58173
58164
58147
58147
58126
58110
58105
58087
58084
58057
58049
58025
58022
58018
58016
58004
57982
57982
57978
57963
57957
57950
57945
57932
57928
57928
57888
57887
57880
57872
57870
57867
57865
57852
57850
57837
57832
57825
57809
57789
57784
57766
57733
57720
57715
57712
57709
57706
57693
57689
57687
57672
57658
57652
57637
57630
57567
57517
57502
57479
57477
57472
57463
57424
57422
57422
57422
57410
57400
57391
57388
57382
57337
57325
57318
57312
57306
57300
57300
57284
57283
57283
57281
57272
57266
57260
57247
57239
57237
57223
57218
57212
57189
57175
57174
57133
57127
57114
57093
57090
57079
57075
57074
57073
57072
57071
57064
57044
57042
57009
57004
56993
56986
56986
56984
56978
56965
56949
56943
56940
56938
56938
56921
56921
56918
56917
56898
56858
56852
56843
56838
56822
56818
56791
56782
56755
56754
56745
56729
56725
56708
56703
56703
56698
56677
56663
56632
56621
56604
56579
56575
56570
56547
56540
56521
56514
56488
56486
56485
56474
56457
56440
56437
56431
56426
56423
56422
56415
56389
56387
56386
56369
56345
56342
56320
56318
56309
56295
56292
56256
56252
56250
56238
56233
56219
56198
56154
56151
56145
56118
56110
56105
56098
56098
56096
56086
56067
56065
56037
56034
56030
56028
56015
56014
55978
55961
55938
55937
55924
55894
55884
55861
55855
55854
55838
55834
55820
55820
55812
55808
55786
55754
55748
55744
55719
55708
55690
55690
55686
55684
55643
55627
55623
55622
55621
55621
55618
55617
55613
55610
55598
55572
55569
55563
55557
55549
55549
55540
55512
55496
55489
55448
55446
55444
55438
55422
55378
55378
55374
55366
55362
55360
55356
55322
55314
55311
55293
55292
55265
55265
55256
55247
55236
55228
55226
55220
55199
55192
55172
55169
55149
55140
55126
55104
55078
55044
55040
55031
55030
55025
55024
55022
55008
55008
54996
54962
54960
54940
54914
54896
54876
54870
54839
54822
54799
54790
54785
54781
54780
54766
54746
54726
54725
54704
54702
54702
54702
54701
54681
54677
54660
54656
54655
54648
54641
54640
54638
54632
54607
54602
54588
54569
54568
54554
54549
54546
54546
54534
54528
54519
54518
54513
54510
54505
54501
54483
54470
54462
54454
54454
54433
54430
54429
54424
54405
54385
54372
54366
54349
54341
54339
54336
54314
54303
54300
54273
54247
54215
54188
54188
54179
54172
54169
54147
54144
54127
54106
54104
54092
54091
54091
54073
54067
54065
54064
54044
54041
54023
54017
54012
54006
53978
53971
53967
53923
53914
53907
53907
53893
53889
53877
53871
53863
53856
53855
53848
53833
53820
53818
53817
53810
53809
53808
53804
53804
53793
53769
53767
53750
53741
53728
53724
53723
53715
53706
53705
53703
53696
53681
53681
53674
53654
53650
53641
53640
53640
53622
53620
53619
53612
53592
53535
53529
53504
53500
53500
53485
53484
53467
53457
53450
53443
53431
53430
53422
53420
53417
53415
53395
53385
53360
53354
53350
53343
53337
53329
53286
53284
53275
53259
53257
53245
53205
53200
53194
53180
53171
53171
53165
53163
53154
53151
53137
53098
53086
53073
53062
53036
53023
53020
53012
53003
52985
52979
52935
52932
52918
52913
52910
52909
52904
52893
52874
52865
52859
52857
52851
52849
52841
52833
52831
52828
52815
52814
52810
52799
52793
52784
52783
52780
52773
52769
52747
52740
52703
52700
52694
52685
52677
52667
52663
52651
52642
52642
52637
52619
52603
52586
52581
52580
52578
52578
52560
52551
52549
52544
52529
52528
52527
52520
52519
52486
52486
52462
52461
52446
52441
52430
52413
52407
52400
52399
52396
52387
52370
52369
52359
52352
52340
52336
52266
52265
52260
52248
52235
52233
52231
52228
52224
52219
52209
52198
52196
52191
52165
52156
52153
52151
52150
52150
52147
52145
52136
52124
52120
52116
52111
52107
52097
52088
52083
52075
52067
52058
52028
52027
52025
52010
51993
51989
51985
51977
51974
51973
51970
51939
51935
51930
51927
51917
51909
51888
51842
51836
51836
51811
51801
51781
51777
51767
51746
51742
51737
51729
51717
51716
51713
51712
51681
51676
51661
51658
51645
51621
51599
51576
51574
51562
51561
51551
51549
51549
51535
51525
51496
51484
51471
51464
51457
51442
51441
51433
51431
51408
51390
51386
51379
51365
51360
51356
51352
51347
51341
51339
51321
51315
51297
51295
51284
51277
51260
51251
51243
51207
51190
51187
51184
51180
51143
51122
51113
51110
51106
51099
51053
51049
51047
51031
51012
51009
51001
50998
50987
50981
50977
50953
50951
50944
50935
50899
50895
50894
50871
50834
50831
50820
50818
50810
50809
50771
50756
50754
50751
50730
50720
50703
50680
50668
50621
50617
50597
50597
50591
50587
50584
50571
50561
50549
50542
50534
50524
50523
50522
50509
50508
50506
50500
50492
50487
50475
50472
50443
50442
50437
50431
50430
50428
50424
50413
50407
50406
50405
50383
50377
50370
50346
50323
50323
50288
50275
50267
50264
50262
50262
50243
50238
50233
50211
50195
50191
50160
50155
50142
50141
50137
50136
50129
50126
50111
50106
50100
50071
50051
50050
50046
50043
50023
50010
50002
50001
50000
49995
49984
49963
49957
49956
49955
49939
49939
49937
49927
49927
49918
49915
49886
49883
49872
49863
49858
49854
49854
49852
49850
49836
49814
49797
49763
49762
49759
49758
49754
49748
49746
49742
49741
49738
49732
49732
49715
49713
49713
49712
49704
49699
49692
49691
49663
49656
49628
49612
49602
49595
49589
49580
49576
49565
49558
49556
49546
49537
49520
49499
49484
49471
49467
49456
49456
49443
49429
49425
49425
49410
49408
49408
49399
49395
49370
49369
49367
49364
49360
49347
49346
49340
49340
49324
49321
49310
49289
49289
49276
49267
49245
49239
49233
49227
49223
49214
49143
49139
49138
49128
49112
49097
49080
49070
49066
49043
49030
49018
49010
49009
49005
48996
48984
48978
48960
48956
48944
48941
48940
48927
48920
48904
48899
48867
48866
48863
48858
48856
48834
48823
48815
48814
48813
48805
48794
48792
48789
48788
48780
48767
48750
48706
48706
48650
48630
48624
48620
48617
48605
48604
48584
48580
48579
48576
48574
48564
48545
48538
48498
48492
48471
48401
48386
48381
48380
48371
48368
48364
48362
48345
48331
48321
48317
48300
48267
48262
48249
48236
48233
48229
48202
48184
48181
48169
48166
48165
48151
48151
48139
48133
48132
48116
48111
48089
48075
48075
48062
48036
48013
48010
48008
48005
47985
47982
47955
47946
47944
47935
47911
47899
47884
47866
47865
47865
47837
47829
47819
47808
47793
47771
47764
47756
47751
47745
47713
47700
47687
47685
47660
47654
47650
47627
47623
47606
47595
47573
47564
47531
47516
47492
47488
47485
47477
47476
47476
47471
47471
47470
47456
47422
47420
47415
47400
47397
47390
47375
47372
47372
47367
47359
47349
47338
47316
47315
47308
47302
47297
47255
47252
47245
47243
47242
47226
47218
47200
47188
47186
47185
47176
47176
47172
47163
47159
47156
47147
47135
47133
47132
47126
47125
47122
47120
47115
47113
47091
47083
47074
47064
47040
47030
47024
47014
46983
46980
46970
46949
46944
46924
46905
46893
46889
46837
46812
46809
46804
46798
46793
46790
46788
46787
46741
46696
46695
46682
46679
46677
46671
46664
46663
46635
46635
46632
46618
46602
46600
46579
46567
46560
46533
46511
46508
46494
46478
46451
46440
46432
46428
46423
46418
46404
46391
46385
46384
46368
46312
46311
46298
46263
46243
46228
46222
46155
46126
46123
46104
46094
46093
46090
46089
46070
46047
46018
46017
46007
46006
45993
45990
45972
45970
45967
45959
45957
45948
45940
45937
45929
45912
45904
45891
45885
45848
45847
45845
45841
45816
45813
45803
45790
45778
45775
45770
45766
45765
45762
45760
45757
45748
45745
45725
45718
45718
45713
45696
45682
45672
45660
45642
45633
45631
45620
45602
45593
45593
45588
45579
45578
45575
45575
45574
45564
45523
45520
45499
45471
45463
45454
45429
45411
45409
45350
45337
45331
45282
45278
45273
45252
45242
45224
45223
45220
45187
45184
45177
45163
45161
45159
45138
45132
45130
45120
45117
45116
45102
45087
45077
45064
45058
45042
45037
45032
45031
45026
45016
45015
45015
45007
45005
45003
45001
44994
44989
44988
44958
44944
44930
44925
44911
44906
44894
44878
44878
44851
44847
44815
44815
44815
44805
44801
44791
44787
44766
44760
44756
44739
44726
44721
44710
44683
44680
44655
44645
44644
44641
44631
44626
44622
44620
44616
44595
44592
44571
44570
44558
44552
44547
44534
44527
44524
44502
44484
44482
44478
44468
44436
44430
44418
44415
44406
44402
44401
44398
44395
44391
44378
44367
44352
44329
44307
44299
44291
44281
44268
44261
44251
44246
44238
44222
44216
44215
44213
44210
44196
44191
44177
44172
44163
44159
44159
44154
44148
44142
44141
44139
44136
44127
44126
44124
44084
44054
44049
44014
44005
44005
43984
43970
43953
43943
43912
43892
43887
43877
43867
43854
43854
43848
43847
43845
43842
43803
43791
43775
43760
43757
43754
43737
43681
43674
43665
43660
43654
43652
43645
43645
43641
43633
43632
43617
43612
43607
43564
43552
43532
43522
43517
43503
43494
43470
43447
43440
43440
43409
43407
43403
43400
43391
43390
43380
43375
43372
43370
43363
43361
43354
43341
43339
43315
43295
43289
43287
43284
43282
43272
43268
43260
43258
43256
43243
43240
43229
43227
43219
43212
43192
43176
43175
43161
43160
43155
43143
43143
43139
43123
43098
43093
43085
43061
43060
43047
43036
43016
43009
42996
42985
42975
42963
42958
42933
42925
42914
42886
42858
42857
42857
42833
42803
42801
42774
42757
42744
42743
42717
42715
42699
42654
42651
42625
42621
42611
42604
42585
42578
42572
42559
42550
42550
42547
42527
42525
42523
42522
42519
42509
42507
42498
42490
42484
42482
42478
42478
42471
42430
42392
42376
42370
42366
42363
42358
42347
42313
42313
42300
42268
42260
42251
42248
42240
42214
42203
42201
42197
42158
42154
42153
42143
42141
42124
42120
42114
42106
42102
42101
42083
42076
42063
42049
42029
42028
42012
42005
41992
41970
41962
41958
41938
41921
41917
41914
41899
41883
41876
41855
41846
41834
41817
41814
41807
41772
41753
41743
41738
41703
41688
41676
41665
41664
41663
41660
41656
41653
41639
41633
41621
41617
41610
41607
41604
41594
41588
41553
41535
41533
41533
41515
41512
41511
41506
41498
41496
41494
41481
41470
41469
41443
41428
41425
41409
41398
41394
41372
41367
41342
41316
41307
41296
41294
41273
41264
41250
41249
41245
41241
41239
41222
41209
41201
41196
41194
41171
41152
41152
41151
41137
41126
41121
41101
41100
41097
41087
41080
41079
41069
41056
41056
41049
41030
41025
41025
41016
40991
40965
40954
40943
40940
40926
40922
40913
40909
40903
40903
40901
40896
40895
40883
40854
40827
40816
40812
40808
40808
40807
40804
40797
40791
40786
40737
40717
40713
40713
40704
40703
40700
40694
40692
40691
40677
40660
40651
40634
40625
40622
40613
40597
40591
40539
40511
40503
40494
40493
40479
40477
40459
40456
40441
40436
40427
40418
40415
40379
40379
40372
40371
40360
40357
40355
40352
40347
40341
40341
40338
40308
40305
40304
40272
40269
40230
40229
40215
40208
40205
40194
40194
40191
40174
40156
40145
40131
40120
40116
40108
40073
40069
40043
40040
40028
40017
39975
39973
39968
39962
39923
39919
39917
39893
39884
39883
39873
39859
39836
39834
39829
39825
39780
39759
39752
39716
39699
39689
39688
39669
39658
39653
39641
39633
39630
39624
39617
39616
39613
39606
39590
39586
39585
39579
39570
39564
39539
39538
39534
39523
39496
39495
39493
39479
39479
39475
39464
39456
39450
39411
39410
39408
39395
39394
39393
39391
39379
39376
39345
39339
39320
39290
39289
39286
39257
39246
39233
39231
39226
39220
39210
39207
39173
39146
39146
39143
39137
39123
39111
39108
39093
39083
39075
39051
39048
39046
39032
39028
39018
39012
38996
38992
38974
38938
38938
38931
38915
38909
38902
38882
38880
38869
38841
38800
38788
38781
38772
38734
38709
38688
38669
38667
38666
38640
38634
38626
38622
38615
38605
38602
38594
38586
38577
38576
38566
38520
38504
38475
38464
38461
38460
38456
38452
38447
38442
38442
38399
38398
38384
38384
38365
38362
38357
38344
38341
38334
38332
38329
38306
38302
38301
38301
38295
38293
38252
38246
38232
38229
38225
38224
38223
38213
38195
38190
38190
38190
38182
38181
38172
38171
38165
38141
38132
38129
38128
38123
38101
38074
38066
38059
38045
38040
38037
38013
38011
38006
38001
37997
37986
37982
37942
37921
37899
37895
37891
37882
37880
37880
37863
37855
37835
37806
37796
37782
37775
37774
37764
37727
37710
37707
37706
37702
37698
37692
37675
37669
37655
37646
37639
37637
37626
37606
37597
37596
37590
37580
37580
37579
37575
37574
37566
37561
37549
37541
37532
37482
37478
37471
37470
37469
37467
37452
37435
37430
37425
37421
37420
37398
37398
37393
37389
37378
37356
37354
37339
37338
37333
37332
37331
37320
37290
37286
37274
37270
37245
37236
37233
37220
37205
37199
37193
37189
37180
37177
37176
37168
37153
37151
37134
37124
37121
37112
37084
37071
37064
37058
37028
37026
37018
36986
36983
36971
36969
36968
36965
36951
36937
36936
36915
36902
36900
36893
36864
36863
36847
36843
36842
36829
36825
36820
36818
36814
36811
36806
36804
36799
36772
36764
36749
36716
36703
36703
36684
36684
36679
36671
36670
36666
36664
36659
36632
36600
36565
36557
36548
36532
36501
36499
36481
36480
36477
36475
36472
36464
36462
36458
36458
36452
36439
36437
36429
36429
36417
36397
36383
36383
36375
36373
36371
36368
36367
36365
36329
36329
36254
36251
36238
36236
36215
36213
36191
36168
36154
36153
36147
36139
36138
36137
36137
36123
36123
36102
36075
36070
36066
36008
36005
35993
35976
35974
35973
35973
35971
35968
35966
35958
35947
35943
35936
35925
35917
35907
35898
35898
35894
35892
35883
35883
35871
35865
35815
35811
35806
35800
35787
35782
35763
35762
35741
35740
35731
35723
35723
35722
35714
35671
35658
35648
35641
35636
35632
35632
35627
35627
35621
35615
35602
35595
35554
35535
35533
35532
35509
35496
35495
35494
35492
35490
35475
35472
35470
35468
35440
35431
35408
35396
35383
35379
35375
35365
35362
35361
35345
35339
35322
35316
35315
35313
35305
35301
35288
35278
35277
35260
35238
35229
35223
35220
35218
35216
35187
35173
35169
35146
35118
35090
35090
35082
35078
35075
35074
35065
35059
35059
35052
35040
35029
35029
35028
35021
35011
34998
34994
34981
34972
34953
34945
34910
34904
34894
34875
34870
34866
34856
34844
34844
34807
34807
34804
34804
34797
34795
34780
34775
34774
34767
34760
34745
34738
34712
34700
34692
34687
34683
34659
34659
34656
34650
34639
34601
34597
34591
34584
34582
34568
34567
34565
34529
34518
34518
34517
34510
34510
34492
34491
34480
34451
34422
34416
34416
34412
34403
34401
34399
34394
34393
34377
34364
34361
34360
34341
34335
34326
34318
34313
34311
34307
34294
34292
34291
34290
34285
34267
34267
34261
34256
34255
34226
34219
34212
34198
34194
34189
34181
34177
34171
34151
34119
34115
34091
34086
34083
34072
34068
34049
34045
34035
34034
34034
34027
34019
34014
34012
34008
34002
33989
33986
33974
33968
33930
33903
33902
33900
33887
33886
33885
33874
33873
33869
33858
33851
33841
33834
33813
33809
33791
33786
33768
33767
33765
33750
33742
33731
33718
33717
33707
33684
33675
33662
33660
33655
33645
33644
33641
33637
33633
33627
33625
33618
33616
33614
33580
33576
33575
33560
33551
33529
33485
33475
33452
33445
33437
33420
33402
33395
33384
33382
33372
33360
33358
33349
33341
33336
33330
33315
33310
33303
33292
33278
33277
33273
33266
33264
33256
33238
33226
33225
33212
33171
33165
33153
33146
33142
33137
33137
33128
33119
33077
33076
33071
33050
33035
33025
33025
33017
33014
33005
32965
32957
32956
32947
32943
32919
32906
32898
32897
32862
32856
32851
32850
32834
32818
32777
32756
32752
32746
32730
32694
32693
32689
32657
32656
32651
32645
32642
32638
32598
32594
32574
32572
32562
32546
32542
32508
32500
32495
32452
32438
32431
32420
32412
32387
32387
32386
32379
32371
32357
32351
32333
32331
32317
32316
32313
32308
32300
32295
32288
32282
32277
32272
32256
32252
32249
32245
32225
32204
32202
32201
32192
32187
32171
32168
32163
32155
32155
32146
32146
32135
32111
32104
32093
32074
32072
32069
32065
32065
32059
32049
32048
32015
32014
32013
32012
32011
31996
31995
31990
31988
31984
31982
31969
31962
31953
31951
31944
31933
31923
31916
31882
31874
31861
31857
31845
31843
31833
31817
31814
31812
31810
31806
31769
31753
31735
31708
31681
31680
31671
31662
31660
31645
31642
31631
31626
31624
31623
31607
31567
31567
31537
31536
31528
31525
31517
31516
31515
31493
31490
31485
31484
31474
31465
31458
31456
31442
31440
31419
31413
31404
31399
31392
31376
31368
31367
31364
31356
31347
31325
31323
31320
31315
31285
31275
31271
31266
31264
31254
31232
31226
31213
31190
31186
31177
31171
31167
31132
31131
31117
31115
31111
31105
31083
31080
31080
31072
31061
31060
31048
31045
31039
31037
31027
31021
31021
31011
31006
30996
30992
30983
30964
30941
30905
30898
30876
30862
30860
30847
30845
30844
30826
30822
30799
30796
30772
30770
30762
30755
30747
30746
30733
30724
30715
30712
30711
30702
30685
30682
30678
30674
30668
30660
30648
30635
30634
30625
30586
30572
30552
30552
30547
30540
30538
30537
30533
30522
30485
30459
30437
30421
30419
30417
30415
30398
30375
30360
30349
30346
30343
30342
30337
30332
30328
30293
30286
30285
30277
30266
30257
30244
30228
30224
30223
30213
30213
30211
30209
30196
30194
30166
30162
30151
30148
30145
30144
30141
30138
30132
30131
30128
30122
30104
30103
30102
30091
30080
30067
30067
30058
30049
30042
30017
30008
29992
29984
29979
29975
29972
29968
29966
29965
29962
29958
29936
29935
29934
29929
29910
29908
29903
29886
29882
29874
29865
29848
29834
29832
29823
29821
29816
29798
29797
29761
29751
29749
29739
29729
29728
29719
29712
29709
29701
29688
29672
29661
29661
29639
29630
29601
29600
29596
29581
29581
29573
29573
29567
29555
29550
29488
29480
29476
29461
29457
29448
29444
29432
29409
29401
29398
29389
29388
29385
29355
29348
29335
29332
29328
29298
29289
29283
29282
29273
29251
29249
29243
29243
29239
29234
29231
29219
29204
29192
29188
29186
29165
29162
29158
29136
29131
29128
29126
29113
29109
29087
29086
29077
29075
29061
29024
29015
28993
28993
28948
28946
28904
28900
28875
28868
28867
28865
28857
28845
28842
28837
28835
28831
28811
28810
28800
28797
28797
28792
28789
28776
28741
28727
28724
28717
28712
28703
28696
28689
28680
28680
28666
28659
28656
28653
28645
28634
28624
28622
28602
28599
28588
28540
28537
28532
28518
28505
28501
28495
28443
28441
28438
28432
28421
28398
28392
28356
28355
28351
28348
28338
28330
28327
28322
28300
28271
28245
28235
28232
28217
28210
28205
28198
28153
28151
28148
28145
28136
28131
28121
28114
28104
28100
28100
28087
28067
28059
28059
28052
28045
28032
28030
28029
28011
28006
27993
27981
27960
27955
27938
27928
27923
27906
27901
27894
27886
27880
27878
27873
27871
27854
27854
27841
27833
27829
27821
27806
27805
27794
27792
27791
27782
27769
27736
27731
27730
27717
27715
27702
27681
27680
27680
27674
27648
27644
27636
27627
27616
27615
27603
27597
27584
27577
27559
27553
27552
27541
27525
27496
27492
27481
27473
27459
27455
27445
27421
27414
27406
27401
27388
27384
27374
27369
27365
27353
27350
27312
27283
27281
27276
27272
27267
27259
27257
27249
27223
27217
27200
27168
27139
27139
27136
27109
27097
27097
27097
27092
27087
27076
27068
27062
27049
27043
27030
27027
27011
27010
27006
27005
26998
26993
26980
26974
26969
26963
26946
26938
26937
26937
26914
26913
26885
26864
26852
26846
26832
26809
26801
26793
26783
26761
26745
26734
26727
26715
26710
26687
26687
26680
26666
26659
26655
26654
26647
26643
26640
26637
26631
26629
26626
26614
26611
26598
26593
26582
26575
26573
26568
26558
26547
26543
26538
26510
26485
26473
26471
26454
26411
26410
26384
26377
26373
26372
26363
26359
26357
26353
26346
26330
26327
26318
26307
26281
26273
26252
26238
26229
26225
26222
26222
26201
26198
26192
26191
26181
26158
26136
26134
26108
26105
26095
26082
26073
26072
26068
26061
26047
26044
26030
26006
26002
25981
25970
25946
25943
25941
25940
25937
25936
25896
25888
25871
25866
25852
25850
25846
25832
25824
25809
25798
25796
25793
25784
25783
25779
25770
25768
25754
25742
25733
25712
25708
25696
25691
25667
25651
25642
25640
25619
25617
25614
25613
25608
25603
25596
25592
25572
25560
25556
25525
25513
25511
25509
25509
25500
25491
25480
25476
25472
25465
25453
25422
25419
25402
25393
25387
25376
25375
25367
25366
25356
25355
25346
25330
25323
25311
25275
25271
25270
25269
25216
25214
25206
25180
25147
25141
25139
25129
25128
25115
25107
25092
25084
25072
25048
25042
25037
25033
25029
25027
25017
24997
24995
24966
24964
24963
24962
24943
24937
24929
24924
24922
24915
24913
24908
24866
24856
24851
24848
24848
24823
24822
24816
24815
24813
24797
24791
24789
24766
24762
24759
24741
24738
24729
24704
24704
24700
24687
24677
24676
24669
24668
24668
24662
24645
24604
24604
24599
24591
24579
24557
24552
24546
24539
24529
24520
24517
24492
24486
24484
24479
24474
24459
24449
24448
24445
24444
24429
24423
24423
24417
24396
24369
24361
24325
24324
24318
24315
24309
24299
24264
24261
24256
24252
24248
24226
24223
24219
24199
24184
24164
24159
24151
24135
24132
24116
24101
24099
24073
24070
24020
24000
23976
23951
23949
23946
23945
23929
23923
23919
23916
23901
23891
23890
23889
23889
23883
23882
23865
23835
23828
23819
23802
23786
23775
23770
23766
23753
23747
23747
23745
23734
23731
23704
23703
23688
23685
23683
23665
23658
23649
23636
23605
23602
23594
23582
23566
23560
23560
23535
23534
23531
23522
23501
23494
23488
23474
23462
23435
23424
23416
23407
23399
23393
23381
23375
23370
23369
23361
23353
23347
23329
23319
23317
23304
23297
23290
23279
23247
23245
23224
23224
23218
23214
23183
23179
23149
23143
23141
23113
23095
23094
23094
23090
23072
23070
23056
23055
23028
23018
23016
23004
23001
22986
22983
22953
22947
22946
22943
22906
22905
22893
22888
22865
22864
22860
22840
22826
22826
22811
22803
22780
22763
22758
22738
22735
22727
22717
22710
22685
22678
22675
22662
22649
22649
22641
22640
22634
22632
22631
22628
22625
22624
22622
22619
22608
22608
22598
22591
22591
22588
22586
22573
22563
22554
22507
22496
22475
22464
22463
22453
22450
22441
22429
22420
22397
22392
22392
22391
22376
22371
22332
22306
22294
22287
22283
22280
22268
22264
22228
22214
22208
22208
22206
22200
22192
22191
22187
22178
22159
22155
22138
22133
22118
22114
22112
22112
22108
22104
22101
22080
22079
22068
22052
22051
22039
22030
22023
22021
22016
22008
21991
21969
21962
21951
21941
21936
21929
21917
21895
21893
21884
21878
21869
21862
21840
21835
21811
21811
21808
21785
21771
21766
21760
21737
21728
21719
21719
21716
21706
21705
21701
21693
21693
21678
21676
21668
21665
21661
21658
21637
21636
21634
21617
21594
21594
21591
21572
21550
21550
21543
21537
21533
21532
21521
21520
21502
21487
21482
21476
21450
21434
21399
21398
21370
21364
21343
21343
21341
21313
21306
21283
21276
21275
21257
21220
21219
21216
21213
21207
21203
21199
21198
21181
21179
21168
21163
21150
21140
21123
21121
21119
21107
21106
21093
21070
21065
21057
21055
21043
21039
21025
21024
20986
20964
20964
20957
20957
20943
20940
20933
20933
20925
20903
20880
20864
20855
20853
20851
20844
20826
20823
20822
20816
20808
20796
20789
20770
20770
20760
20759
20756
20753
20732
20731
20706
20704
20703
20685
20677
20657
20639
20619
20612
20590
20589
20583
20552
20551
20517
20493
20486
20483
20480
20477
20471
20445
20431
20431
20420
20418
20376
20368
20362
20361
20349
20343
20295
20291
20276
20246
20245
20233
20231
20227
20225
20208
20206
20173
20160
20158
20157
20127
20122
20120
20115
20114
20103
20102
20091
20079
20068
20049
20033
20021
20016
20015
20011
20007
19996
19995
19991
19966
19964
19960
19919
19905
19904
19897
19864
19864
19862
19861
19848
19842
19834
19824
19820
19791
19783
19780
19778
19765
19750
19734
19732
19721
19717
19700
19684
19663
19652
19647
19646
19640
19638
19623
19607
19605
19604
19586
19556
19556
19546
19540
19522
19513
19491
19485
19482
19481
19470
19469
19458
19450
19435
19432
19423
19386
19383
19377
19372
19367
19357
19315
19305
19302
19279
19278
19273
19251
19249
19244
19239
19232
19228
19216
19202
19195
19187
19178
19168
19166
19157
19147
19112
19089
19085
19078
19077
19072
19063
19062
19048
19045
19045
19042
19039
19039
19022
19016
19011
18997
18985
18943
18931
18925
18924
18918
18904
18899
18890
18886
18875
18869
18855
18836
18833
18831
18830
18823
18812
18802
18800
18788
18784
18773
18768
18764
18763
18754
18731
18700
18698
18676
18667
18662
18660
18618
18616
18578
18574
18573
18571
18568
18566
18562
18528
18522
18504
18499
18483
18470
18446
18434
18415
18415
18415
18407
18402
18398
18381
18373
18355
18347
18340
18333
18323
18315
18295
18293
18290
18282
18267
18236
18236
18233
18221
18217
18215
18213
18212
18208
18202
18201
18184
18166
18153
18140
18113
18110
18104
18101
18089
18080
18079
18072
18065
18051
18039
18016
18013
18009
18006
17999
17999
17987
17982
17952
17878
17875
17872
17865
17859
17848
17831
17826
17823
17822
17816
17815
17800
17789
17776
17764
17754
17753
17738
17732
17723
17714
17687
17686
17685
17680
17670
17665
17658
17657
17655
17646
17644
17640
17615
17599
17595
17577
17575
17560
17558
17542
17538
17486
17475
17467
17465
17462
17454
17431
17411
17401
17400
17381
17354
17348
17340
17312
17304
17274
17271
17260
17244
17244
17238
17231
17228
17202
17191
17186
17177
17177
17164
17163
17138
17125
17114
17107
17064
17054
17049
17037
17020
17011
17007
17006
17004
17001
16994
16955
16947
16944
16915
16911
16907
16903
16902
16892
16886
16886
16884
16877
16874
16857
16853
16843
16842
16823
16820
16812
16801
16784
16781
16776
16724
16709
16700
16690
16684
16680
16673
16670
16668
16668
16662
16655
16645
16630
16628
16627
16621
16610
16606
16603
16591
16578
16569
16563
16561
16555
16531
16516
16514
16512
16494
16493
16471
16464
16458
16443
16420
16416
16415
16403
16400
16379
16376
16372
16369
16363
16356
16353
16344
16326
16324
16321
16320
16316
16298
16292
16282
16271
16262
16258
16255
16244
16242
16241
16236
16226
16214
16210
16196
16195
16191
16189
16187
16181
16157
16150
16126
16110
16090
16079
16070
16063
16023
16007
15997
15993
15963
15946
15933
15929
15924
15920
15913
15911
15910
15908
15905
15900
15893
15890
15878
15878
15863
15852
15841
15838
15832
15822
15794
15771
15769
15758
15750
15735
15691
15681
15663
15648
15635
15606
15594
15584
15584
15578
15575
15573
15566
15563
15550
15545
15542
15541
15535
15531
15529
15525
15515
15508
15508
15505
15505
15502
15501
15500
15485
15483
15482
15480
15463
15452
15449
15447
15445
15437
15436
15436
15435
15435
15420
15408
15407
15401
15397
15390
15370
15347
15325
15315
15293
15287
15284
15250
15236
15222
15209
15206
15205
15200
15192
15190
15187
15169
15161
15160
15158
15147
15142
15134
15128
15119
15109
15102
15087
15079
15078
15065
15060
15045
14988
14985
14969
14950
14929
14910
14904
14890
14874
14856
14852
14851
14848
14847
14833
14827
14805
14795
14794
14778
14763
14746
14729
14726
14687
14682
14666
14662
14662
14661
14652
14637
14622
14621
14620
14605
14595
14594
14590
14585
14562
14556
14554
14532
14530
14525
14524
14512
14505
14504
14501
14500
14492
14475
14474
14471
14470
14460
14460
14454
14445
14441
14438
14436
14425
14399
14374
14368
14338
14330
14326
14321
14318
14308
14276
14273
14242
14238
14237
14224
14223
14202
14164
14154
14141
14123
14119
14103
14099
14098
14075
14058
14049
14034
14025
14010
14000
13970
13964
13961
13952
13935
13904
13902
13898
13891
13886
13860
13846
13841
13828
13817
13808
13807
13799
13799
13794
13786
13769
13762
13744
13727
13718
13715
13711
13707
13705
13697
13694
13665
13652
13647
13632
13630
13629
13581
13579
13575
13570
13568
13566
13562
13561
13558
13551
13539
13521
13506
13501
13490
13483
13476
13469
13439
13436
13434
13428
13395
13387
13356
13353
13348
13344
13337
13329
13320
13318
13316
13303
13299
13296
13266
13259
13257
13254
13246
13243
13236
13224
13207
13200
13191
13173
13164
13160
13160
13157
13145
13132
13120
13120
13103
13102
13099
13098
13098
13093
13092
13074
13063
13032
13025
13017
13016
13016
13016
13011
13004
13004
12993
12954
12950
12949
12933
12920
12911
12899
12897
12895
12881
12848
12841
12821
12801
12782
12778
12736
12728
12721
12717
12712
12708
12691
12688
12688
12687
12677
12676
12633
12618
12608
12584
12573
12555
12550
12548
12540
12536
12532
12526
12515
12500
12498
12492
12478
12470
12467
12465
12458
12441
12433
12432
12429
12410
12405
12395
12394
12390
12389
12381
12380
12376
12374
12366
12352
12350
12338
12328
12328
12325
12323
12321
12315
12309
12305
12298
12294
12285
12282
12278
12269
12242
12240
12239
12238
12234
12228
12203
12180
12178
12157
12157
12155
12154
12149
12141
12133
12114
12111
12109
12104
12095
12070
12045
12038
12030
12006
11996
11984
11979
11976
11970
11968
11965
11956
11945
11923
11917
11915
11909
11897
11886
11884
11883
11883
11879
11874
11871
11871
11870
11854
11845
11839
11836
11835
11830
11823
11812
11805
11798
11777
11775
11774
11771
11769
11744
11742
11737
11718
11711
11704
11687
11686
11685
11648
11640
11627
11584
11575
11567
11566
11560
11560
11554
11548
11529
11523
11515
11504
11499
11456
11434
11424
11415
11403
11398
11387
11379
11371
11363
11355
11352
11350
11331
11310
11308
11293
11276
11258
11257
11246
11229
11225
11220
11218
11148
11145
11125
11119
11116
11110
11097
11096
11074
11073
11069
11068
11052
11049
11042
11030
11028
11022
11018
11014
11014
11005
11004
10996
10995
10987
10986
10985
10983
10977
10975
10931
10922
10905
10899
10890
10885
10885
10883
10883
10874
10869
10866
10847
10838
10809
10805
10803
10799
10796
10795
10792
10784
10771
10763
10762
10762
10760
10759
10755
10744
10741
10732
10731
10717
10711
10703
10701
10699
10696
10689
10679
10659
10656
10644
10620
10615
10608
10605
10605
10600
10595
10591
10573
10570
10548
10546
10523
10517
10497
10490
10474
10469
10467
10467
10441
10440
10412
10379
10370
10361
10359
10345
10341
10332
10324
10301
10293
10280
10280
10259
10255
10251
10232
10230
10229
10221
10210
10195
10190
10187
10153
10146
10139
10137
10115
10094
10081
10073
10071
10044
10036
10034
10031
10019
10016
10016
10007
10000
9985
9962
9954
9928
9894
9893
9888
9861
9806
9796
9794
9790
9782
9779
9778
9763
9761
9752
9744
9734
9726
9681
9677
9663
9657
9653
9647
9639
9633
9623
9622
9619
9606
9601
9600
9600
9583
9581
9574
9563
9559
9554
9549
9541
9540
9532
9510
9508
9507
9503
9500
9484
9481
9477
9476
9472
9464
9459
9455
9439
9436
9424
9410
9405
9405
9403
9400
9396
9382
9371
9363
9341
9338
9333
9327
9314
9296
9288
9255
9231
9221
9177
9176
9171
9143
9135
9128
9101
9100
9093
9076
9069
9065
9035
9025
9008
8972
8969
8962
8938
8930
8927
8919
8907
8889
8889
8883
8867
8863
8862
8847
8847
8846
8844
8809
8764
8762
8755
8741
8724
8720
8712
8697
8684
8684
8675
8660
8659
8637
8613
8612
8606
8576
8565
8560
8546
8535
8528
8519
8507
8480
8473
8471
8470
8469
8448
8437
8435
8425
8419
8413
8413
8412
8410
8398
8392
8390
8383
8378
8366
8363
8362
8342
8337
8330
8319
8240
8216
8198
8194
8191
8181
8177
8167
8164
8159
8157
8152
8150
8137
8119
8099
8096
8089
8082
8077
8067
8049
8048
8047
8046
8034
8027
8015
8010
8008
7997
7970
7944
7942
7934
7919
7917
7914
7909
7894
7890
7884
7868
7865
7865
7851
7846
7842
7833
7831
7817
7808
7800
7790
7782
7781
7776
7765
7749
7744
7727
7716
7685
7684
7676
7674
7672
7663
7656
7634
7630
7627
7614
7606
7603
7602
7588
7587
7565
7545
7538
7534
7511
7507
7501
7453
7451
7446
7441
7432
7430
7416
7406
7405
7366
7314
7305
7292
7252
7245
7244
7243
7232
7226
7224
7224
7222
7221
7217
7212
7196
7183
7181
7180
7179
7166
7166
7162
7161
7159
7155
7133
7119
7115
7097
7095
7059
7048
7047
7023
7019
7019
6999
6995
6946
6943
6939
6925
6924
6919
6919
6911
6905
6897
6873
6842
6841
6826
6811
6810
6802
6800
6795
6785
6776
6771
6726
6715
6707
6674
6672
6668
6661
6652
6636
6625
6623
6603
6599
6587
6556
6551
6524
6518
6504
6500
6497
6497
6497
6479
6478
6478
6471
6464
6446
6425
6423
6400
6395
6382
6368
6350
6348
6339
6338
6308
6304
6281
6260
6259
6257
6239
6192
6187
6180
6172
6167
6124
6119
6119
6103
6100
6094
6094
6081
6063
6054
6018
6003
5990
5980
5973
5970
5932
5922
5915
5887
5876
5875
5874
5869
5860
5858
5800
5797
5797
5789
5788
5785
5766
5766
5758
5751
5713
5702
5682
5670
5670
5664
5650
5645
5643
5590
5582
5573
5567
5555
5515
5509
5488
5466
5446
5443
5430
5373
5367
5355
5350
5335
5328
5316
5228
5216
5211
5211
5204
5193
5185
5172
5152
5132
5129
5126
5106
5099
5097
5093
5089
5073
5062
5050
5044
5043
5042
5016
5008
4983
4941
4925
4921
4920
4919
4883
4870
4862
4854
4832
4818
4814
4806
4790
4783
4780
4771
4770
4766
4755
4752
4751
4748
4747
4744
4743
4713
4708
4703
4690
4682
4669
4666
4663
4660
4646
4626
4620
4614
4612
4605
4576
4568
4547
4537
4536
4507
4505
4491
4484
4473
4472
4462
4449
4445
4420
4360
4334
4313
4298
4269
4264
4258
4222
4208
4171
4158
4157
4143
4136
4135
4086
4070
4069
4064
4056
4048
4044
4042
4036
4007
3991
3990
3990
3989
3979
3978
3978
3942
3908
3901
3878
3851
3844
3841
3835
3829
3821
3817
3800
3772
3770
3760
3736
3735
3728
3714
3705
3671
3667
3661
3639
3625
3618
3612
3610
3600
3590
3589
3585
3565
3562
3548
3546
3537
3524
3522
3521
3507
3501
3409
3406
3385
3379
3340
3319
3313
3301
3299
3287
3280
3265
3262
3258
3257
3238
3220
3209
3207
3197
3173
3166
3155
3136
3136
3121
3118
3116
3090
3085
3061
3059
3056
3047
3045
3036
3023
2984
2977
2954
2928
2923
2916
2914
2911
2909
2899
2882
2846
2804
2792
2791
2782
2757
2750
2739
2736
2726
2717
2715
2694
2694
2693
2664
2654
2647
2642
2634
2633
2631
2631
2630
2626
2615
2598
2597
2591
2586
2575
2574
2572
2568
2557
2554
2549
2547
2541
2540
2534
2517
2511
2493
2461
2458
2425
2425
2411
2396
2379
2367
2358
2358
2353
2348
2332
2322
2319
2301
2294
2289
2287
2263
2250
2249
2219
2197
2190
2171
2151
2149
2148
2145
2128
2128
2106
2105
2080
2069
2068
2059
2054
2040
2039
2039
2021
2012
2003
1979
1978
1949
1944
1934
1923
1892
1891
1883
1871
1867
1866
1865
1849
1844
1817
1809
1797
1797
1793
1778
1777
1775
1767
1743
1709
1708
1691
1687
1675
1669
1664
1656
1648
1638
1636
1630
1619
1618
1616
1608
1605
1603
1591
1581
1575
1571
1566
1554
1547
1545
1531
1488
1473
1472
1469
1469
1469
1465
1462
1457
1442
1432
1425
1391
1374
1366
1363
1331
1325
1325
1316
1287
1286
1286
1270
1236
1232
1206
1204
1175
1158
1157
1146
1142
1119
1107
1100
1082
1066
1063
1060
1053
1040
1010
1008
1006
1001
992
979
953
948
944
932
929
901
897
883
861
855
851
847
838
833
832
831
829
823
807
799
792
774
762
753
753
753
750
735
711
691
676
663
660
641
625
617
606
596
577
539
526
526
521
512
511
507
506
505
497
484
474
467
461
456
440
429
424
422
420
414
401
390
385
385
371
332
330
321
321
314
309
266
248
196
169
168
166
158
155
144
113
108
107
99
95
88
75
66
64
54
31
31
25
25
