3406
11148
73241
48780
74904
44958
31882
47372
53877
10762
82261
28392
46837
80468
74924
86267
12954
44571
77193
17644
15505
39496
48116
23347
10094
47884
14471
59303
94772
5664
99706
14530
16812
89299
79661
8067
34256
27894
55438
4484
55008
37698
49227
1844
34518
24151
4462
47471
85073
81655
65114
577
21150
29581
23923
47595
93817
54746
6897
88588
60409
6603
19469
93572
95901
15482
1638
46508
43375
57075
67343
98382
11125
16569
16578
45642
57071
21039
9464
42143
2693
74578
59072
40194
4158
82994
87789
14326
54091
94685
2914
14500
1287
38734
24423
13539
54215
26061
60046
97590
99487
27388
12323
26963
60309
28900
88956
33731
49939
98420
92226
68983
89349
51297
9177
93506
34290
96965
24184
88381
91649
27097
19232
9288
65830
43654
22826
36397
86066
99224
33986
85553
42963
62660
12515
19623
91560
17823
53354
57850
16242
45579
26832
5590
96875
36008
15447
47516
49324
39630
52248
57325
83078
87831
66612
65260
47837
5789
1656
33902
21364
51993
35806
64327
14652
48321
83949
22563
82495
53654
80412
98736
15584
7244
20677
28810
59603
36123
76326
8927
92105
44925
82603
75182
32756
49214
40441
96944
71354
58448
30845
92718
10440
66651
73396
25092
31323
73696
47654
13817
27350
44418
28904
42933
51661
49580
71743
27615
2054
64420
52893
94158
25696
35495
85692
74803
1060
42484
71746
88766
932
2591
97835
11371
85593
71230
52814
16915
61277
16820
47083
88626
61237
75986
47911
29249
41917
36005
73215
43970
16776
26108
38128
42471
77954
23819
17274
95366
66302
89019
84131
83585
91609
81965
11308
93553
69546
80473
10467
30822
97292
73901
35800
74880
49886
83710
20480
91802
36066
93695
52124
52841
36154
90251
95311
30459
30421
12584
25824
13074
1603
9954
13011
9563
91918
24318
3116
77815
4790
29934
8637
18434
3835
44436
93313
70072
28145
30145
78226
80562
40191
30349
33402
76344
36951
28712
6802
67371
41296
48978
96796
59250
58931
9806
68812
67201
50475
88279
45015
55265
18213
70003
73698
38399
14438
83362
8470
58934
13506
3047
39495
53696
33395
72896
46391
70345
1608
69545
54067
59255
18522
67215
18504
93804
93372
3667
61004
43847
91946
22371
15463
26510
92373
89160
81260
6811
88873
6081
82096
18731
9128
21591
88778
42522
10838
35169
29219
28797
21065
83285
88051
55938
66851
22906
49741
60223
26573
27097
4069
34870
49467
35883
77731
58191
41394
58990
81353
30266
65070
63449
48996
90549
1391
37774
33071
12228
89294
62289
41025
26710
61925
29075
82647
28776
68333
32387
5350
11257
75835
25770
46126
41653
61652
40208
99844
3045
99197
81196
33310
80618
60996
98658
71167
62386
52783
20589
74614
42076
99229
31990
68785
77505
77416
51431
22632
45748
169
27981
57004
76004
53750
19481
34008
31753
59688
33851
34797
58884
31399
84459
55854
92394
83116
43372
54780
35898
63960
45745
94325
63188
77734
79461
40692
55149
47243
79676
897
63763
7656
74252
56118
77758
93733
90126
9510
53420
23976
44307
28656
55374
45117
84509
64120
28232
27880
18899
80481
8191
80995
91157
87730
75080
70617
28421
30228
17859
8096
47476
97973
32104
21728
54091
9861
31812
44216
35722
85231
68191
80028
13886
39917
41496
14746
4036
86079
42625
39286
66559
67167
36632
74067
54896
11711
44683
99669
41938
78893
24116
5766
93218
56219
43845
47308
82431
75656
91523
18153
60886
76065
14532
91124
32333
56028
5869
36368
42106
64846
92005
25017
32012
44988
15435
86908
56698
76470
2928
14988
55362
27043
20753
48579
83262
80949
12238
82044
56604
3760
196
33841
79825
31080
24964
12157
87107
47185
64877
45564
12030
73233
86932
60393
18221
2367
63652
91270
78836
66579
6257
50549
93622
43361
15480
93235
24309
27717
91630
97264
47829
91826
31105
44005
39257
72420
72513
42715
19604
37389
88278
47985
26974
91562
8378
61546
10280
88381
52815
89115
54960
59072
56015
64933
18784
71494
74519
43093
15563
66148
56708
79743
74325
87812
23747
13581
60232
96259
56295
96187
50000
60925
44172
76973
52486
52549
54870
62765
57281
7684
68231
12240
83107
40597
93524
1891
28443
68042
61335
44005
50542
34394
23747
24866
22206
63845
38447
98789
60103
94741
94975
26454
72017
39146
19778
40854
8046
74647
3618
65327
98683
88200
93918
81789
28797
87442
31
57239
71835
77717
17595
22376
12111
57693
47242
50668
21537
2040
49456
97991
13132
44430
24445
85149
99928
44222
26002
24325
18869
45972
89651
33903
50523
99921
15691
79319
87362
32074
52909
75548
9790
86855
14276
38252
44547
77869
88919
82435
79908
54726
80426
93039
15508
4870
94539
15435
65443
36893
39759
663
82864
45762
34565
49738
45682
66608
45409
49395
98681
98317
41294
24822
85172
55569
63074
46070
33437
68344
28505
13344
23070
8930
22735
38577
30151
33625
70363
11945
70517
26473
12608
69732
72234
47172
19470
34267
30131
64878
83661
28811
79546
41307
69985
64717
96875
49410
27139
46664
17753
55643
60007
57174
80924
99093
95750
11074
49070
66112
23018
19586
92585
51977
5670
81170
15501
25139
15437
45631
6368
15449
90794
85913
56755
60778
66982
69982
10187
94120
16645
44291
49762
93003
1465
30685
8448
13566
58110
57517
79678
97479
93454
88614
49456
99123
86135
81308
40613
1571
26938
46980
33372
34083
49245
6478
94860
16226
76459
21398
10345
9455
65689
76458
2458
83505
23494
27257
97070
97955
84773
93099
95433
94578
81712
61240
93701
84199
42547
34313
85769
85837
97645
35492
19919
46889
41970
31131
63114
34780
52528
89810
60587
34568
82619
79396
18072
22464
6652
15142
20418
7776
8240
32202
2353
6304
9794
12405
90502
68692
63070
92622
54528
60714
28114
90799
7602
86435
21929
87067
37566
90808
93228
14504
25376
92198
93899
59799
14661
16902
74940
35078
24677
99532
83631
27030
22187
93424
55786
12688
78468
18855
21661
49347
79568
66126
40145
3521
52560
78425
6939
6478
85585
166
37333
27312
92363
31232
87110
7023
48133
78402
58452
89162
94285
58435
16191
16471
68210
88328
29158
46677
7183
50818
12376
86750
16944
52520
6623
85855
47297
13561
8684
49233
13727
46017
76544
22441
93600
80005
45816
58084
74758
20619
47245
69042
79053
79787
85512
63615
68115
31021
26643
75297
98191
39018
62046
15134
7890
68668
17340
71538
98581
42376
20770
28659
4744
13665
51099
98343
93669
13266
56426
84779
33885
3671
53820
29289
99809
55684
9255
67923
86704
35898
43219
84894
74915
21617
16379
82804
6636
50071
54341
5216
92446
75110
33874
97189
5126
1325
11883
15147
14590
84660
99925
64826
4682
70096
10467
4491
25779
19721
72413
28835
55618
31984
30080
30533
69952
62811
29688
76587
12881
84029
98155
21678
75490
48380
35218
96968
49704
63452
12114
80646
48111
12038
45471
52793
98485
55937
57283
24264
75658
46047
69450
47627
94382
99529
94511
64333
78691
24199
57272
91571
24579
71778
29600
16420
20157
81169
13387
69861
44620
25500
50506
92731
53889
12328
45523
68726
84617
19157
9341
60274
81555
78790
24252
75937
94670
18763
56621
73361
59313
30244
81283
83891
2021
10883
16662
22178
92051
30049
8390
36671
71900
75247
29401
42141
87574
91275
10866
72190
26783
20206
48815
8337
15347
89419
625
10016
8181
73598
83376
67493
3841
64659
67735
22214
91893
84396
44391
83943
30796
52780
36965
19048
44378
82717
61188
31951
90343
88405
20493
17125
24962
85659
41814
40308
75077
58790
50323
99609
32387
50051
83453
52580
31061
51187
74793
22953
51935
35535
23247
82730
4666
76564
1777
49043
59280
79316
97345
65975
67720
34189
83099
92681
19848
41264
49340
11276
54
99663
10885
48792
66065
10689
17723
97125
61876
8867
36429
30162
44401
59675
29243
49066
36238
47372
14460
11870
26687
11805
77844
10759
45993
77294
19791
82192
34910
69131
93468
51315
85145
20704
16458
67561
31392
34181
64685
9619
43047
17465
39780
3800
77139
85375
52865
29729
32746
67325
57950
75784
95481
52145
86542
57825
45790
22685
40017
80699
8167
49836
32013
9663
70539
48471
77223
18282
99003
58259
27901
42049
75723
84032
45848
69213
69406
15065
15293
2151
98741
73242
77935
10573
41738
80828
68397
87528
19864
8413
68226
28030
58248
16591
37692
45138
65061
31266
63420
64063
5876
7672
22463
81598
91703
84663
67163
77461
16079
82455
95963
31171
72049
90249
41743
13786
71077
10139
17665
7292
34904
85891
35322
9503
18833
89365
54641
83893
36983
34412
64307
42858
42083
3121
40808
50137
4135
7970
27597
36565
6776
23560
67735
95176
13808
9477
8962
1236
35968
26626
8528
70871
28868
60201
80373
47700
49565
51365
47944
2899
2128
28602
45757
44210
48075
2916
10699
52209
10885
38295
88774
34012
78206
72860
29188
8366
82337
54501
9601
34656
97478
34480
21878
26346
94680
2250
90397
60597
69967
38341
63495
72094
83294
25603
32656
31368
28518
43354
99929
55754
98000
88702
89766
76206
61561
35305
84571
60249
89805
10523
94904
87282
45003
16781
29979
56034
35383
20376
16630
21701
75068
96477
10146
58361
22079
42801
89729
50597
86154
89657
6350
506
94710
12467
76711
72622
47771
77633
49223
37575
4507
44126
41209
65861
77259
71187
21895
28993
91562
54876
67045
66629
51352
77190
41342
89783
19991
47422
40379
22496
53430
63080
23001
48139
75547
16063
37112
39669
93695
86334
93596
14554
46812
34804
80414
24070
5990
18660
69414
13904
73536
36458
96884
41239
13647
38225
31021
33637
85646
87751
72485
39075
50831
95485
3565
26377
11548
40677
66045
21594
27010
59640
36147
73821
10795
16561
14242
33137
35220
83655
47040
25107
36464
60275
82698
50111
14852
13718
99
497
1469
72583
55924
68651
84420
75840
11379
95967
16516
93775
17560
59878
69767
70059
50050
80561
86619
64292
13697
38190
64298
77088
79649
17114
53715
62346
83576
68566
76063
83674
85414
93883
72609
57689
78885
73380
33529
90263
69346
66396
84038
3257
26273
53804
73315
92675
34364
76285
73318
64413
14475
53967
57852
94123
71080
11566
72820
54655
96483
65234
54681
81897
59117
43641
39585
38001
17020
89465
44616
2717
55861
28653
5973
98485
82456
95640
91159
33171
71924
64476
13935
2750
34795
71787
13224
5874
99704
86043
60529
96187
51277
15209
94435
26745
75201
34019
81097
92220
39836
25712
94936
95696
70716
17260
94180
53171
29251
1691
2694
1175
82518
16628
20276
17312
4766
49852
39538
20822
35894
66
33360
3522
31626
27794
46618
6826
78164
27715
15397
17999
69778
10332
13694
40494
43943
24226
10016
73194
42268
29061
90720
41137
62041
10995
74801
66806
77198
14338
3979
29444
30755
37338
32965
62380
65131
95935
85557
43295
23649
953
61293
9778
27636
91339
66623
71578
31916
76639
61123
90535
22051
51842
31671
84091
79189
6471
67249
56386
20808
71227
85829
51562
8565
35146
30293
90047
31080
32201
33341
71080
33153
10986
97209
77140
18676
63832
65070
66943
56822
26192
57477
78872
94386
89147
62963
73574
11970
30211
46311
32777
17789
48492
691
26353
99989
30983
16400
47420
63184
66092
18499
12688
93429
32059
6180
12104
95890
87601
95398
69063
30144
52874
47935
24529
58373
27249
14454
70342
73811
60765
3118
91599
25608
20160
17952
25596
51143
50703
73015
30678
33146
7865
59717
26575
39923
65896
55030
52165
69848
50428
37579
99992
3301
1865
24520
61673
29113
38974
32014
2923
16090
51484
10874
58049
87995
45177
99996
39137
95879
73010
86166
29024
97226
62235
55598
53500
44482
26980
22016
14330
77407
59595
14321
97059
61459
55192
75084
6924
10517
7097
26198
42958
74932
37071
1006
62927
82247
1001
18415
78125
90362
20933
23501
87587
83167
95450
41087
27648
22429
63102
58329
16187
39048
72649
13246
507
27841
88329
7430
38357
11777
33627
81315
3061
87050
98672
82339
69296
99673
753
63773
90034
38037
3625
93973
21203
99074
35059
65203
37855
14512
23531
54041
69912
12532
83638
70418
40372
71966
94199
95080
95
44177
76394
3155
31226
91418
85493
16874
91090
2597
80646
97475
40634
84270
91447
78188
99695
42857
43390
37549
73721
83273
7942
43632
95804
91579
14049
52527
79897
24599
47606
79991
68775
40352
83145
16353
31769
84989
33226
39210
87585
30223
36684
44570
14492
28131
22758
30538
70987
82499
68087
61059
82123
92380
4690
77926
83958
35090
46804
80206
59688
10762
60196
44815
51113
59692
77519
99233
44680
10744
38442
48617
57318
91477
93186
88161
19607
32295
18698
6946
14794
3136
68004
96916
95515
89046
91194
95825
24135
54349
76030
83823
65110
52578
44989
32574
12269
22507
31806
56949
49602
86599
21917
6919
78076
15102
95079
14034
47397
30128
37331
78542
33264
5335
91809
45130
10732
99354
57306
34866
53703
33336
35040
18812
85913
80028
51386
98181
2534
99543
71481
68487
86142
93397
75405
80569
24851
86835
94602
88599
33315
31933
67140
82930
53619
58948
28059
64350
74654
85365
99215
28356
35052
34255
63519
20964
30634
14904
35496
49520
30799
23329
18006
33292
33077
9763
13860
74279
12949
24813
62877
46263
56745
46368
29192
26715
21668
73603
7416
96321
58967
22983
24676
10370
57237
88194
47685
4222
19450
99532
53741
66600
22860
71747
99891
72289
81509
30102
46567
10809
54914
25796
57072
28011
72163
2615
54725
93830
76217
62141
90150
51535
85123
31177
61904
58711
35723
25940
62932
55172
25472
33025
38123
48331
4771
38013
36971
2631
68114
83538
13439
39379
9333
86862
67389
97847
89477
22114
91677
65693
606
98178
33580
2080
29355
11835
60790
65077
37775
40073
36600
63246
73097
91074
27928
94219
29086
64899
96849
13551
64788
26640
69281
90472
13501
36670
88318
2977
75135
96346
85022
92092
94524
34953
94171
40230
46787
71312
21658
84561
27736
58257
64158
833
65682
92086
11403
11119
56984
24604
24669
21771
51243
10301
12242
81095
46970
16911
424
38456
13257
1797
30547
24132
36749
41069
64361
99887
12380
86018
84448
40116
60626
48605
57300
26307
57042
85054
37425
14025
9657
78445
52147
77251
88745
80740
74698
52067
97651
75121
90522
27259
93269
37421
51390
30017
78489
15750
29903
7221
1767
30702
63688
78744
95659
37339
5050
52700
22392
58826
83077
48401
37270
35223
25651
42366
15963
16700
10784
29965
91820
17658
57223
85088
55078
8612
31456
49918
40713
77711
73490
58831
8412
37177
37574
4070
74515
58975
73122
13259
17800
56198
61659
71421
91420
3661
30138
23734
20361
40922
70050
28532
58579
27272
29972
30008
52235
77779
79925
92947
55489
53415
51777
63901
6943
5702
84322
81458
64676
73795
11068
98827
29992
72726
70247
37764
92738
385
77849
13098
57658
47899
57982
16236
75170
87953
46243
43757
65731
42519
36703
21220
12285
4832
1472
19228
26885
2145
17037
91561
75940
28104
90387
22283
829
76986
60046
93566
93722
37895
23016
51379
85793
80997
83966
77314
85301
46560
21070
51031
89078
74125
88602
1363
95308
6425
20590
22192
24922
53978
30104
861
82081
36843
23143
82909
13828
99541
92826
23901
37435
15841
91631
39579
96837
75596
16892
98489
22155
54314
65872
27584
28438
70825
28946
23745
77250
65887
62288
2171
19864
92392
19383
1944
29234
42525
1204
43061
58417
94030
83313
12203
26222
74943
51781
39411
66890
85025
37899
89044
55690
3770
16627
84127
74595
61925
24223
68196
44163
86510
70366
80379
95253
6100
98674
24486
48624
99878
83898
23393
10259
67210
35595
36480
58504
3728
92242
25393
88752
30141
14436
60793
50262
47415
61271
24856
25691
85493
9403
86205
88354
96120
66583
83607
2219
81609
24444
67195
97838
8342
90587
24448
91903
26181
77279
50407
29908
69521
75799
35011
99661
6587
95803
66274
70353
57073
91130
12395
58917
16884
98599
63623
13004
81534
63581
15222
63142
88024
82416
60979
12717
73002
1778
4620
15535
79056
71378
61794
48576
63528
13157
64588
70114
25311
30862
56818
98736
21991
69212
57652
55226
67811
37626
68229
65696
17558
83451
28837
5582
65866
6167
34650
55220
7944
55621
70754
86999
26998
48899
51927
90526
62055
16514
76991
87366
47375
33809
86101
85717
19372
60104
40943
87182
97730
9171
69229
15287
92621
98065
37220
74839
20583
88222
30058
44878
43842
17163
48229
87192
66061
155
94069
44468
16668
71059
31833
64043
21219
34285
49759
40591
94388
90701
44124
8469
99872
13353
40108
8844
27769
77327
83682
64704
81900
30091
9581
25742
63605
57809
12933
46018
57963
23353
90485
74631
10763
38669
55025
31982
72953
4783
88924
83692
11836
49399
92161
28059
79103
48620
36902
23224
25946
36936
87927
7846
67026
97507
49939
46983
71668
79223
93000
29630
2575
83484
20612
13337
38504
75636
61670
11456
96771
66945
11499
8606
16344
20011
36664
11798
68630
89917
35021
94576
26852
22947
18773
10230
36806
85063
57212
8473
64285
50211
54454
83211
50046
75066
12899
88549
67053
74569
16356
80175
57865
27854
5132
74208
47865
58147
2358
16494
64416
37378
27421
91267
76677
62545
17848
29834
63959
75059
38306
44595
41621
92759
27805
91666
84176
40704
96566
67581
31624
29273
64107
89488
57127
85591
80048
21343
43737
98757
54188
8152
52486
97961
15771
29162
76857
33618
58995
40816
25029
13652
85410
66649
22763
29567
74667
23290
86622
87584
7222
34597
16857
71329
40436
90335
73271
20483
28029
17007
19239
98568
41511
88077
96528
73633
17238
73385
23602
92585
30552
48630
22588
32313
31631
45350
61879
22649
68640
64852
10232
92213
99448
43440
79893
39884
50126
53163
76718
78154
86522
12309
76722
28032
385
89601
18016
33974
62985
41617
26558
9888
6599
65498
42201
38229
10847
20431
77229
95838
85283
87460
88051
1082
47252
67943
40965
97377
21106
34035
91883
7627
62695
68604
52010
63079
74556
70025
97052
37541
27993
39962
63780
34591
21811
5980
89171
32657
26411
66399
44847
28045
70211
32897
29126
17462
17191
86443
31190
54648
36829
23072
78626
99523
8027
30635
62601
82583
17011
76004
36475
61356
32317
16606
12298
54127
22586
1469
3136
65348
84219
47982
9744
54429
97230
38869
88242
30772
41663
19432
85420
78491
58855
80397
78013
83234
27384
56965
82168
60746
49321
34994
22101
97989
51599
34399
52116
90536
52219
71603
72235
36437
35936
81978
90866
33165
37199
79107
63936
78861
14890
65707
73704
90097
46104
51716
73330
89839
25033
71849
50584
74353
6842
72685
72341
74792
23435
40808
65328
92005
12410
53914
28441
48345
35892
35658
97861
89442
31117
78149
68302
46006
60207
42005
36102
22662
10073
25783
12500
51457
97631
63084
25809
4472
52120
14501
79264
75554
71661
60943
83910
422
14856
12350
48767
67099
48008
62979
56540
79124
57479
41194
41481
17686
99550
93935
40347
9622
19717
69199
77430
17348
32282
3238
38171
753
34091
33786
92658
5751
94728
76567
6172
25936
88916
71290
93034
53275
50621
65926
48750
8099
7119
90231
25784
6668
84165
82483
32642
20233
51681
10071
37580
314
29661
92103
1066
63751
25888
93723
85853
36968
70289
92024
62903
59204
79666
72288
28831
30286
38213
77580
38384
45331
67810
80520
68351
68326
63002
992
88559
14682
27414
42490
31347
57074
50944
32412
37176
76832
26134
23028
13799
96422
31404
93053
71977
11069
65340
807
57706
19905
78387
12441
81587
62548
92960
49937
47226
55961
67280
52136
86994
94694
10977
18340
51767
61921
50751
88943
55104
93236
28322
68902
89657
59725
78306
77986
87145
43645
78792
61202
63549
73530
73643
61488
52430
66602
11424
16007
38915
78704
84494
42260
73397
95470
60600
41515
73742
27702
46809
28845
37290
75131
14098
26946
51207
92403
21283
54704
52400
75
15905
32300
89956
89547
93787
58737
72501
5211
91095
11415
266
75588
53674
73662
87410
30625
31528
61151
74679
78337
6348
11968
53467
20445
55265
21025
12848
76548
75728
65247
92974
91633
13898
82929
97531
7685
58018
70031
12895
49112
81445
13160
24700
51471
3173
12109
82095
34700
89611
73125
29388
95958
85092
99206
16403
40357
20231
45602
33256
95958
27200
26229
3942
41097
25509
1473
65133
83526
71503
78027
32638
69300
7538
73689
20770
27062
2149
19216
78114
91759
92341
7501
87717
93784
6707
20471
50492
43289
66072
83747
39246
9623
26327
59540
67071
51836
77364
32204
51713
48866
26582
84350
34517
50472
74390
71638
77533
76538
90854
71998
68297
99546
79499
72365
9681
2557
92835
60173
45845
75258
60271
1442
1232
86598
60981
68302
54785
38344
505
6497
3562
27087
90847
54430
77558
81588
26068
71442
58126
33273
43440
42774
32818
39290
31490
42498
58198
24324
19022
4042
15933
79293
21835
17164
82242
99168
1817
37026
53863
2322
43522
57424
45760
50720
11854
23317
32308
54273
11110
6785
87545
54549
65910
20362
10190
97399
79211
68387
38074
14585
88780
54006
10229
10615
87521
92470
9782
89337
45847
63644
8010
89368
37420
53769
56440
65625
77085
5099
19897
4547
28235
7441
59095
94144
44154
69285
7894
39716
54023
45967
54300
42803
16324
64528
69769
3844
73349
79550
9532
19195
59545
17542
24915
13316
87662
97706
78940
64747
2804
98836
69293
47390
22628
44739
41533
66781
30375
65778
6497
750
11744
77148
43552
28067
41676
13320
48262
31376
9221
74145
50571
85117
91686
91837
98433
79348
89542
77372
60446
8697
92560
46090
56086
15187
7180
13970
98320
53907
79747
21168
54656
7842
98315
98207
52260
56342
27878
521
87718
53450
74665
54640
38566
82703
62828
53350
78402
52369
47074
55199
77417
39633
17640
49854
71171
41171
80175
85842
95077
76273
23361
49732
84114
21676
64290
36373
94369
8519
53245
98438
61968
44261
69429
16886
43315
32256
86587
21716
84624
33660
93266
78392
89644
10905
28245
60815
68428
8419
63008
63504
84691
86369
13236
85156
24396
93877
37880
18764
2396
91124
17202
80715
51737
86630
13952
95051
35238
539
33119
36213
34198
26384
14605
40194
53641
59201
1008
22068
67620
64015
85571
68662
50383
15158
70170
91130
9035
8049
9894
27782
15525
43447
24848
67261
46428
38800
62311
81665
55690
95429
17878
6239
38165
48834
46432
8157
8034
63791
30224
92005
27806
32146
60667
94540
63656
47188
85670
89042
55236
11915
16823
87112
71713
58022
54372
18140
96821
33035
16157
68862
44815
34034
75101
82979
82867
21532
91135
7252
85323
37710
99257
29480
86208
59923
40371
49863
23462
42392
55256
95049
70658
72078
82161
42370
46451
36532
60510
43272
85918
93018
12133
30733
43403
3585
13711
42621
41469
21198
49872
43143
75259
49128
88974
61466
25402
45696
27680
48863
88088
82935
43912
75097
71364
26072
17467
17815
78955
94328
77438
64873
87345
5922
95605
30747
9507
25667
73367
67327
63216
39590
10469
38475
88718
99442
16292
14119
61489
60324
79334
49576
43258
23245
41025
14622
65668
58491
48788
44622
69170
26225
25846
56514
32146
21450
3612
58004
63469
93330
25330
43036
32919
52150
81510
21636
67943
14154
52107
29432
74477
31440
95359
34086
71036
36383
65059
36703
11225
13846
97676
80394
56422
23522
53259
4920
61323
73222
62923
24791
66551
4605
84179
15822
56754
65688
53809
41049
96193
5915
70480
87021
53706
82190
21107
24741
18573
86165
77795
29797
16363
75471
26543
72784
98992
79801
77703
60314
53023
56978
1457
35925
61582
85635
51746
34687
67674
5555
75735
80219
27821
62566
67239
97879
44756
88345
22619
79680
90862
414
9476
7224
75884
52370
80007
91227
32171
74062
67892
1545
31039
69348
37469
8972
71334
5567
60010
55360
27473
52097
51930
55293
14662
19168
53171
75769
23865
92142
55448
14726
8907
81276
38301
1142
33645
34659
92368
82167
8720
60259
83711
56110
45959
37532
81433
33644
43098
41443
5355
70570
93539
57284
42214
24552
76452
11737
321
16668
3878
72120
47745
29136
53395
86045
30277
87040
20703
38996
85558
45775
15606
69269
18236
77916
6800
99669
11560
66249
57463
33266
36818
67353
90550
79031
91904
83353
90767
8576
16372
10996
80696
64116
40131
50442
50160
86759
53833
87214
25754
39391
49340
57712
8659
83928
35627
31810
99948
63538
98058
57410
96804
34875
24762
3705
30257
33017
3409
21024
57945
19780
48371
38640
83895
4854
89081
50406
91612
42914
53971
33718
82304
19663
7781
7314
3590
43407
39123
3537
23297
37180
60946
36452
88406
2059
40156
18662
35075
43564
56037
93019
79695
20760
48010
63589
25613
53443
30346
33576
12708
84316
83645
11363
3978
91425
35028
23919
51184
74150
27455
90832
27681
4752
27283
32438
6810
67438
67451
58237
27353
23488
67607
23399
60599
31969
86987
86211
85411
33684
36138
14470
17999
19783
25832
38329
27559
60859
62247
95094
51360
6054
85925
95392
10805
13207
27829
17615
96996
95279
92203
40700
35118
59809
64098
95716
91777
67436
98278
93539
1119
34416
8008
35470
70550
50191
73798
14460
27401
52396
9554
95112
58449
11830
90503
69254
25037
34683
3220
38384
29962
11774
79084
81431
87934
59533
77147
96063
26969
91776
89601
28087
26191
13961
63556
13092
80503
53705
27552
24256
22453
53457
19367
80901
65286
26222
66506
6674
60904
86077
45058
7217
97850
40493
88648
85784
25
82146
81846
26993
73921
87798
71432
16464
18110
51339
29555
98613
5044
73458
39220
43848
26914
58586
41100
92200
84807
7606
98873
62063
10034
60282
69279
7884
774
74278
10019
799
56423
8216
27791
46696
96013
99222
63159
14123
66913
9065
29087
88308
82523
68306
32155
9436
43243
73254
17987
44402
80859
33212
6464
7245
93493
92094
15128
94267
66372
41498
95065
39146
49713
39207
85841
45725
54781
65351
76199
21693
74416
21637
10000
73290
89942
42154
99077
49537
15407
17064
93938
12618
50275
401
19862
60119
8846
51341
54385
75217
92838
65801
30715
42550
5008
16555
4626
59788
98258
80825
81480
89025
2461
7831
62314
8755
49984
61390
58291
81742
94805
52228
10711
61431
68980
46924
21550
77825
98264
92286
69394
7453
58087
108
50002
63094
33014
70980
39233
31271
68156
37064
20295
70616
44894
98960
95722
11229
76702
54012
92970
87858
22591
20033
49289
91570
66956
87190
85747
81572
79475
55140
89024
37561
55247
55378
17006
4612
26357
56238
35883
94512
93301
72529
81479
54546
87841
77201
65774
64542
47564
75096
52399
86507
95128
18039
94428
78435
5228
80174
60006
84703
35313
49030
38615
6911
20759
55621
11523
47115
28210
63757
57978
37863
52637
55808
92408
40477
49360
74534
21370
96924
65981
90121
83430
77460
8159
77857
55894
29739
74383
32252
14441
26047
81281
69407
49310
2039
25027
77184
65505
69589
40940
39834
7451
9928
95641
16210
50405
45001
90743
88126
58276
73075
78246
58057
50534
2757
52265
22780
32495
26647
55031
63287
52694
52663
32693
2003
54701
74072
79186
36557
43660
36477
76390
51110
46404
88382
67319
13160
33382
74414
1286
91657
47488
95883
49713
14374
98639
1978
37153
47485
28624
8535
10771
97669
61197
59816
16023
32249
33887
11560
68805
77546
48036
61546
45007
10792
49927
12325
23951
83309
3090
41588
91317
66930
37471
57382
81303
52461
59359
34807
16298
4334
43341
27068
18355
4537
86883
34377
53137
37121
45937
38293
14666
10324
99838
59672
37467
66116
88349
61418
65776
7790
19357
57093
74719
73179
14474
72373
41992
90184
7179
58289
10869
66871
1708
45575
87759
88591
79952
40895
42063
42240
79187
56729
68915
95376
32752
6382
61492
37452
84151
27267
45242
3507
711
19960
93038
31536
92333
35029
21719
15863
93317
48940
82734
95024
94514
70492
99966
90817
11387
42029
49408
6925
15109
18323
2301
64212
41056
63792
1664
25206
91058
46905
45064
91769
83216
38101
23304
75548
89481
61375
91411
82797
26666
90496
94173
21179
60987
10490
28348
88725
68870
77755
95650
330
12429
97950
64542
53484
78093
66205
95041
85502
29461
56457
93622
12676
94557
33278
4576
390
11004
95986
99538
37669
86481
93710
75199
63819
20552
3546
52544
89421
81301
64545
6103
10081
78846
70644
63565
56938
53200
74957
58791
82660
31413
52413
11687
25970
85690
16262
26359
96693
28599
42248
34361
15079
35958
9559
95250
72861
29457
47793
78633
27109
28689
84735
37189
7534
55378
753
80823
24929
75710
39613
7588
23474
92025
35627
49443
94066
51888
92153
90758
80487
34401
41470
11917
86710
67381
7166
75922
96837
71310
54554
23945
99998
39289
61133
23883
11018
78238
21057
35947
70299
77022
59886
93772
69046
95512
59567
79464
47400
68071
86573
44238
18823
44395
56154
21884
11775
63320
97805
24963
50981
52359
65259
67331
91647
42743
7565
19016
37332
28622
54962
7630
5643
14848
17754
91040
10359
93672
70503
74110
61742
73428
18347
96917
17822
74501
18800
29596
54172
32957
70910
5152
85315
36168
88834
93313
95262
96399
12328
32594
41372
67290
56575
47014
98489
74328
54405
8847
67999
24908
99309
46093
14687
17655
43009
32508
8507
78160
78455
62678
11116
49364
84182
12782
1883
73015
6094
97144
85765
34774
46089
27136
18415
2664
90501
16903
93343
44906
42101
77694
86165
41409
23786
851
75416
83146
33358
83922
77657
11812
46600
88773
61175
47133
1554
79409
36499
24000
76552
22264
75125
22641
65751
93539
41656
56252
26793
34998
1157
68893
12691
87321
26654
52828
88171
2069
35973
37880
85990
13630
49691
48941
18754
27217
96073
36659
6625
32572
60658
99528
71187
35782
38520
36937
45672
80175
9540
72464
31525
10696
57709
44215
14368
84362
13395
18890
2782
49367
73121
88771
79348
22811
54064
98101
66379
50136
34760
89355
99059
11769
88883
70245
63903
43754
23534
9574
23929
49425
82038
71805
76473
56098
32371
90840
40459
45765
26082
43240
95132
99202
48362
90831
38365
2425
88932
4743
68913
40043
94098
67971
51811
99332
54568
32065
43085
94453
41639
83365
43877
40028
55169
20349
96125
87540
27541
52935
49656
53622
12526
44787
69175
77239
51970
23891
79664
40901
28634
64928
97295
39083
32898
65457
54766
3817
97522
97850
14621
55512
97567
58498
95539
69087
95198
8015
72978
22738
60949
22634
92711
89826
83772
78238
67064
35741
2128
63079
92993
47113
28006
90287
2547
77256
55744
57312
97424
69617
71514
12045
25128
69080
86894
37018
54518
82091
45032
27496
21181
22332
50129
13891
12157
33900
8480
79220
85993
10608
58651
78985
57720
86656
69272
76619
80263
41367
33930
77687
10983
5443
89731
52462
90874
76624
89479
61744
58714
34510
89239
79894
73193
55719
10137
85349
5970
18616
80920
91962
45575
39570
70947
19647
42578
56570
96265
22840
97936
30194
526
25270
51989
90256
94083
59214
83231
83561
20957
58297
34422
26547
38190
7614
82265
64678
9314
88235
99646
90233
96548
45220
46155
67494
64866
88732
40415
77482
27923
54702
7676
44801
79971
76016
51408
90405
35229
34639
73965
72538
92935
24738
15436
47476
32351
97701
12154
41664
2287
28151
48249
98834
73370
10755
82680
54588
15838
23094
32069
43760
77796
56096
88560
74118
32111
39968
64523
83692
90958
54839
72581
83892
95929
88016
31367
44631
2068
59872
2647
20706
88022
50895
19540
77744
61649
18571
32331
77486
58016
80751
37597
35811
36847
42509
26281
85309
82476
7155
69000
73433
78345
57932
73676
74273
45948
5042
18904
64367
81266
21550
85073
69287
88796
20964
47030
66796
39534
95712
44281
97549
76463
98229
49712
29661
40737
75992
14969
39564
83146
321
29348
61490
58252
3023
35763
20551
24417
71018
1270
5682
8919
86342
91320
97714
7305
54702
64509
63190
50413
25141
60738
43227
23369
26801
89239
80458
2792
4208
20021
2289
20880
49369
80131
95483
68743
32245
32386
93159
3262
33655
15192
12180
19996
22864
9893
43652
77565
90753
6841
44329
15893
83930
3908
55613
10731
93146
36070
29874
13705
72443
32163
34584
21811
28645
30067
6905
60889
78804
64
64150
12458
31607
92681
48805
54470
18925
92456
48386
9677
15648
92715
41921
15929
96622
97533
26659
6119
49955
72885
19824
22397
21399
70759
60559
50043
17177
67463
10931
95980
83878
91432
24789
15485
84112
73593
86306
3036
82400
34692
12712
14399
27406
54632
30328
40379
68516
56986
62849
18470
46222
82672
57218
67620
53431
17776
34014
86959
1591
44944
82939
85468
36375
7727
17304
20486
97672
3610
39873
80071
38301
68936
94470
82058
39919
24797
38788
8435
98134
1636
43256
60708
660
474
28327
70442
34601
62341
57400
36191
23636
40338
38011
76363
64417
55314
13200
62088
58923
53073
42158
13575
22008
52979
11984
61927
94127
50771
70361
8613
52407
29968
69320
69418
46793
97646
39859
97746
76338
97258
50288
16326
37596
88298
92688
2012
43612
5887
64099
18886
58959
22608
48813
80967
91939
60796
59245
86065
11567
45957
94677
80325
75924
63996
49742
22717
77994
89600
36814
70683
3209
87101
87008
40804
75399
96047
59167
35362
1934
39617
54247
60892
78577
3059
58210
70515
63855
17454
56579
91773
63410
67608
88449
55686
47955
38190
94754
42300
44141
31567
29335
47349
18667
32694
4505
94065
28741
80023
45778
30674
19640
25
7917
98216
19435
66127
68730
99641
99932
41660
7765
79694
25619
96213
35379
89926
50754
30132
32225
11246
78050
77911
74947
96716
10605
79451
7133
39345
59473
52910
70018
95464
69286
77934
93679
5073
60412
78760
4713
76696
36772
12478
56389
62390
25042
8119
68667
75796
54602
17244
87041
32651
95154
61987
45718
5758
57789
69202
45102
33614
22112
15119
29077
7749
9405
39108
12821
69816
34219
33886
46511
70990
62715
19251
49732
87756
27369
18398
79903
81970
35641
66944
14620
47147
45282
76690
52904
19423
45891
98006
53036
84354
29476
98464
92103
38880
53923
21275
25048
88142
71512
87910
59131
34226
7161
25214
38334
34529
59964
18236
32851
11956
1531
47470
59102
63165
40511
12006
82587
86402
26363
51974
70755
55838
50437
79209
94718
4360
484
19765
92501
88347
7674
67983
22573
31186
9549
77258
65715
69512
11845
98565
97819
29728
62386
56921
92892
19249
85278
91830
5650
11640
43803
92756
83829
10591
71965
78546
14950
88800
14662
23802
77146
38688
8137
16070
69873
17685
93327
51939
3548
5172
66855
1366
51251
45593
74638
44142
64841
76267
35971
70490
4258
96125
63245
88087
6715
51561
82984
21665
40360
97646
61818
33858
52685
86306
49927
38909
3990
59606
90848
23889
81129
74054
41607
32379
19646
16244
76520
838
8863
28842
87679
13120
24966
67276
1206
31680
18836
84190
69696
75548
98187
47866
9405
50871
34171
59331
89779
54513
35288
96978
78401
16416
87384
20007
48794
23381
52603
41665
24219
61465
70506
11897
74584
11823
95524
75790
43503
30712
76331
29550
6259
74517
77415
15663
25387
27938
91345
31517
82450
42985
28495
60850
59400
15878
97209
8194
55610
66163
49858
79828
27627
36716
8077
18562
48538
3600
10703
8392
34311
87033
37942
56921
61549
31708
88935
3287
59645
96632
34804
58446
39616
79650
35648
99015
11879
32856
23560
67488
15370
73418
47316
42996
26485
71744
61557
75022
91695
88612
83414
26006
75644
37707
99278
37193
69414
88213
40479
45411
84844
91634
20208
24459
71283
55855
39825
83161
5062
63385
67001
20431
53154
30668
79778
79638
2411
57687
71011
94105
46298
54424
36462
21941
92130
35740
75485
77896
40304
32316
39658
25147
23949
59865
65957
11584
32072
22133
11096
53485
85517
78096
73916
55022
25115
70045
34659
27525
27731
5670
37982
90380
76445
90795
12321
84927
42886
4157
79174
83189
36472
18831
24687
76773
95047
6995
4708
43470
29128
32155
96955
30996
10251
87222
86018
51717
57266
37028
79242
84997
59049
33575
91728
35494
24369
4048
20420
67255
24557
99593
50443
77380
34775
91482
70504
29821
98476
75211
89643
27603
7366
86597
74951
33968
73818
60968
85684
31083
97995
81277
32431
57044
14851
24159
8889
55572
44558
45660
22826
69114
45252
89620
46494
96378
81101
33349
42550
95929
8560
32192
39883
32277
18788
14833
66244
92605
75800
68279
40040
90147
49556
88822
63542
80758
29332
72430
36329
73890
18089
75506
59355
79692
65126
22200
76069
62578
55549
18618
58506
80460
50810
98389
12736
85949
29573
78979
78554
5373
63609
34945
11871
13164
23766
75412
93922
53098
64193
46602
43339
98633
22108
19045
78324
87233
41245
70744
66162
13145
5713
24668
93604
72874
39408
6339
58823
68980
1669
53728
90704
65277
88672
2574
94793
28789
94337
88714
98238
58529
35315
57928
73513
57422
76973
51836
61006
18217
38931
27168
47713
44644
68187
41316
33869
23946
64006
92691
92925
82026
46418
99981
47302
51441
2554
58446
96582
13243
47159
94819
88123
98826
52747
61636
72599
29719
29823
49957
64287
68754
93476
28351
29749
61662
69666
63617
85607
50023
72660
94883
32048
19077
94863
95701
86870
13769
54147
83451
43363
17657
78269
31485
32834
47367
93120
21785
93437
22943
71741
74075
8048
65216
2425
37796
43229
88442
17764
45187
38464
90423
40069
86863
25852
51284
82564
12721
81404
53062
96171
24766
70718
90791
56250
19904
54510
65722
41688
47946
5016
13428
22021
13063
94995
40797
67210
38223
29239
1325
83409
84054
91748
39829
70917
17599
91112
69832
46671
88867
22893
59193
29984
9962
66335
2586
29865
20844
68307
87904
68790
73322
1331
7162
2736
12677
64310
69945
50899
93548
71269
34307
93954
79368
90488
81222
13318
97951
51053
59988
86818
90297
35532
16801
16610
1867
19386
62827
22710
4044
50730
7851
77365
68413
31364
96452
81089
95674
66396
31988
5573
54017
82646
99526
33384
89485
80747
63054
87436
48151
39393
74253
54799
74925
7405
71409
76791
43143
50587
15852
47186
1316
23703
40903
69728
71418
37354
67169
67091
20102
15508
89016
90470
14505
88541
40205
3990
85640
3258
91425
50142
42651
82029
4941
17575
5785
92701
10717
48927
43287
26568
12465
60954
66622
69719
30682
38040
23424
14202
21482
59877
29709
10497
50346
44213
15390
90551
48202
17381
93808
55978
67522
36458
38006
88814
70384
43791
81514
81100
9069
41152
24020
21533
2106
90641
7603
49139
28680
31027
63340
66514
90903
9400
77010
41249
53612
92399
48151
18166
9779
41958
74143
93653
94768
28501
98818
81503
72291
96684
62603
81359
37835
86622
19244
56292
93614
26846
5430
22294
57872
85121
88807
65127
94520
82168
22727
48132
90919
70877
82649
17049
29186
56791
10701
40305
85291
25871
21808
73933
22554
762
55292
60388
3735
90887
16680
97348
17732
38461
35993
91956
23582
41151
73434
18101
23319
96160
82584
14237
83388
65232
31285
12573
22023
58338
69230
23665
84208
91037
97598
23113
8150
69241
83500
11884
60127
16531
9231
94210
71344
45224
2517
94925
86374
75950
13025
26044
72109
95609
56632
55496
77192
4269
84421
15566
62606
53650
39231
63165
61038
53180
86277
85539
38772
86128
97422
15250
19011
23004
9459
90354
68227
11976
1630
70953
87925
31006
13348
76386
26614
69980
48233
20158
74248
49005
35723
53205
2654
74953
16369
80043
44484
18997
65581
83255
21476
79354
98504
56838
2358
24315
63543
86936
52642
65172
57888
56918
96178
71236
33303
39143
57567
81536
59300
31814
30540
95023
85018
49546
86327
17738
45940
47163
53086
27873
30417
90913
7226
45273
47751
9583
69587
11293
96519
22228
76465
70758
79145
88994
58345
28800
28136
15911
26687
87436
64076
73578
98810
65445
39475
1488
99534
85415
48650
52619
29639
95419
43532
36864
40691
7634
62799
26629
35278
75669
48856
11742
62778
44352
735
21123
89503
45223
53385
16189
49010
33813
6119
47819
99257
45593
65658
98791
47359
14308
67761
76997
9726
27644
30213
66768
35277
9363
93396
70555
85031
58603
98648
47808
2954
15735
85282
8809
60957
38667
24997
26318
72479
31115
90488
88087
93060
56145
86877
40418
86804
54638
33767
96529
98633
63979
63296
50262
73341
73043
20816
74723
31645
35815
38882
50951
51549
24164
59759
28857
79182
1107
71526
68012
48574
62013
56098
41633
34510
42975
98402
21313
13964
32168
34194
28948
12498
13841
79209
2190
86884
16376
76912
18528
52191
15794
69478
20091
56309
45588
65300
35490
46695
36825
3501
95268
15190
59598
36900
49699
18924
35301
71011
49239
83821
5204
78187
96318
19045
73747
98508
22280
90123
91771
40807
42313
23916
26637
62403
80224
72224
44054
32065
18918
80879
51917
30537
96068
11515
67436
45766
46790
19089
33128
12381
2909
38332
6919
15578
73728
80665
30437
96007
70787
22208
53165
13099
46123
79801
91854
42699
52025
35907
74763
87294
33137
26680
17831
29204
54546
1618
91321
17687
37058
24449
30067
56318
79132
53337
71896
52859
34002
2332
65217
21140
24539
18381
50591
87014
98182
58796
29712
66558
94702
20826
70203
44191
63857
88033
73394
18402
6003
81067
52441
43060
5515
98859
99378
84646
52196
87625
53856
2549
89956
19072
23688
30847
53804
74278
34212
51985
49425
80275
34894
44127
1100
5097
4669
64957
9481
94414
99710
15483
75480
52150
74895
97346
51009
74272
98343
19556
78248
52198
22104
68203
87621
62143
15401
41425
52773
49612
9761
2197
29886
61007
62675
47338
66103
67343
12294
91935
61757
28355
23770
37236
80505
98664
34582
47865
89287
49276
67420
67534
17826
5875
52088
5446
68017
67489
63222
20789
33452
72983
22986
63338
33989
85660
27027
16443
53003
39320
24729
31111
67674
48498
68346
64530
63513
19279
12394
52799
68555
96165
36684
86380
2039
88772
8177
70056
72612
71399
7196
6063
60733
46533
85752
11073
48545
12778
43867
1547
68449
68595
49009
36123
33445
17354
17004
96957
52985
29398
66108
37891
41914
2791
40622
43953
7914
65150
30360
80525
36548
53907
86588
13632
440
88691
41056
48984
1469
84922
66882
69917
69869
15890
22391
3313
49595
39395
16621
18931
85144
82728
73173
43409
1871
13794
87361
26136
78944
34072
6661
31843
87979
9600
61827
4770
98290
2882
70105
16110
87804
36986
2379
57672
69227
41121
77336
35173
80515
93956
54104
82010
93036
27276
25419
11258
57422
29131
37393
36365
79555
60405
84559
83885
70004
46385
88654
84646
49267
58758
17107
53422
12095
19485
27445
81321
60606
4780
16493
57472
15087
86948
55834
24474
14224
97604
52083
71645
26734
89476
24361
22640
66232
25271
6524
36236
71656
11529
37233
37274
70286
54339
7047
98732
90176
34491
96404
67133
55622
12897
24604
87060
16196
80437
27886
30419
94392
79968
18415
37478
85795
59127
60117
52027
84398
66641
4614
72405
78169
41846
26030
64807
12536
33076
79890
19063
67566
76294
86195
39539
89190
10799
26598
21737
7587
54483
52156
1979
34451
86922
39456
20245
62401
15924
88623
46798
82564
93236
35554
77085
51433
61583
58243
80321
94658
38132
99383
78575
14425
85578
18113
19966
12728
44710
41703
36666
15545
10210
54996
49995
13483
10803
86591
75883
26727
75214
39032
25642
84801
74585
2726
52586
52519
77320
32906
47176
15452
32288
42102
46228
17865
60214
66194
46944
21276
24248
83610
36820
50809
38605
3166
64291
49408
89756
40174
76134
81321
95557
1775
82474
86494
20853
35059
39012
14524
67964
2540
29975
16603
44641
92555
50820
21207
58748
97763
42482
99347
81372
95653
50155
36329
98818
14445
85736
4925
70970
78221
2598
66527
96347
85071
53020
33551
36481
8383
48075
20796
10922
94401
37398
55563
86955
88217
93121
62054
85980
35602
61400
83703
31254
27906
36383
46423
58703
22118
51347
29672
16690
70296
12550
29389
55366
81921
62939
8198
90304
27365
28993
17577
21766
66391
73139
25072
54607
66259
87126
56938
18212
64877
56993
65817
9135
93375
12239
67837
31845
79938
97508
64886
50233
26410
94274
21951
8330
73565
30148
14985
929
59141
32562
39046
41883
22052
64118
12841
4663
67595
86131
39226
48823
43123
5043
57957
52849
33633
25793
84693
13570
39653
65931
80155
82414
60204
2105
7095
33768
48604
22080
51049
7744
70993
6446
65978
9396
86915
78819
14058
70861
64949
53284
19684
24423
74678
93992
77271
24662
36137
78316
38232
92141
44246
34738
74554
4449
36842
81648
54569
1797
20079
21969
9541
91071
44766
91870
467
31681
70688
30876
2541
35636
511
38576
76410
75188
48920
53681
99850
85056
31996
54433
77196
76241
89170
68101
97041
42363
49748
67961
44159
69827
6281
70051
77249
51047
61921
77715
82727
48960
24943
1619
948
25453
56547
77357
641
5466
31037
16842
6873
79384
87626
420
71976
93147
68520
85369
35509
18267
53329
96019
4445
59610
82422
98046
10656
60694
92112
9734
9653
17054
11352
10600
42507
84250
87957
59499
89715
35345
92692
96587
14729
80317
97006
3056
73463
81877
88424
25323
144
41753
21341
20940
17714
20114
18985
44721
80807
11097
54454
90460
44502
82157
17411
87008
66407
5367
62858
72473
57064
55549
85412
88144
35865
82417
91199
9327
64294
95975
51001
80789
37727
72342
18080
71792
92455
53417
16512
89614
80865
87317
80073
25366
69473
97483
12374
52231
19202
91583
24704
92617
47132
10115
80760
99348
8883
88310
8675
89528
84284
59675
86668
38362
48368
4748
10153
57175
58164
43016
46788
39028
30332
43212
80745
99805
40694
93118
68387
76247
1053
93090
85215
48184
19556
65974
47531
44791
70636
72557
34318
71271
48584
20986
9633
13303
25733
36137
70477
248
79153
33616
55627
9484
76827
36371
25640
33873
45841
10379
26471
46893
19820
11686
95076
39376
94011
58958
84166
64646
31515
18483
35917
96450
55820
61901
9752
97904
98037
96581
98151
93541
30196
70129
19377
23375
6500
45016
57247
52340
71746
83717
15584
91566
95402
27011
30941
89413
85968
31458
70410
33834
66292
22678
46635
22112
84578
56387
20015
98967
69319
34518
92507
99514
4646
11883
22888
11145
73251
96486
79836
61348
96555
11771
52913
91956
38781
83853
97720
41101
31662
84482
91286
97954
7159
37921
36417
8089
10659
56431
23407
79977
90948
15913
95842
95594
44148
35082
23090
33750
31567
19278
95097
28121
31048
64362
36429
69829
64566
50500
27281
96228
34981
18566
94181
58492
56486
46949
82932
67144
3379
6338
47120
10679
38602
59314
22624
99101
94395
45713
32850
42313
64990
44299
86786
12390
8660
23214
98570
73225
90065
25850
85804
41398
44415
96336
16241
901
43284
99172
68044
46663
5509
31516
73693
60462
7181
96316
59563
1575
42028
8764
43887
23370
69414
47024
52111
78073
70237
50680
67650
76654
76529
69805
18051
20943
66141
34291
38195
9424
49814
22591
72438
55322
54106
62482
32135
77638
58797
91697
79212
17177
461
39450
56898
69874
86474
9008
64299
73062
59687
48300
49715
36215
18104
84117
73509
596
18407
11704
26372
68220
34294
15161
39893
4751
77643
72028
82388
36439
80076
77951
69967
80536
17400
26864
66762
20225
35871
31060
9639
11909
95711
75705
64475
30166
59822
54336
30762
94580
66039
57133
79152
16684
72293
35396
21434
66287
23775
20173
19078
3851
98123
89044
84386
31874
15908
67499
68451
68130
14910
78089
96391
10620
53793
60865
40786
29966
15200
71547
24546
97590
45031
20049
14273
33675
55444
52058
99962
79219
72230
19039
99421
86704
8082
83806
18578
40341
67657
87028
24823
82566
81468
21213
93186
35260
82077
50323
81578
13629
21869
22475
11218
83251
42523
25491
33277
14318
77548
33238
93536
66130
68628
92956
52833
93062
93114
71410
49754
77122
74789
74576
59687
56256
95788
69224
7868
77865
19546
5797
91493
57766
28271
19062
41016
70793
44552
74293
1462
38452
23882
11350
20933
8862
20657
73765
1923
30122
61527
51676
7243
52667
26252
66930
25275
22039
36153
33142
16255
72051
38938
24099
29816
83560
43161
70832
70704
4064
61476
72165
58867
1709
83514
79799
10570
4171
69916
12492
34292
31442
80520
41535
84108
6771
24816
9382
45161
77320
58875
77768
49370
14164
1866
79186
14075
61378
66369
84778
81794
44196
56943
40660
45904
40456
36811
56474
44626
6726
85317
78918
54519
65836
36804
38626
72606
61619
64360
34119
38938
39586
11886
4660
70102
30103
83845
84176
91481
66565
68954
73274
10760
25896
30285
56663
82703
67095
29488
43681
73820
14805
22598
28338
80640
75753
83316
69598
53723
64027
20068
92660
19964
31953
97319
90065
62055
97515
90593
53535
80431
59546
43160
91190
1793
73445
64205
847
40539
10044
44527
30711
24848
83476
75400
21840
59228
58715
91437
12950
39093
11504
21962
59057
59808
35632
65473
21862
49499
56065
91749
29929
31962
51260
21119
50106
24704
1675
50953
81595
11718
95479
12305
52918
78955
4056
74757
54534
62771
66193
67484
18215
94048
5797
77271
53855
41428
42744
92068
90926
15160
168
20855
47122
67780
58325
13579
92483
76351
64531
90429
4420
76362
19085
57337
71668
23141
32093
26201
2263
14637
10036
20477
8684
15832
97748
78890
57260
56843
87310
64537
88354
3829
1743
35475
71608
76419
65406
80443
52769
29936
70871
57189
22649
6308
14525
94316
29448
62970
20517
48062
77606
30552
68538
2642
46384
82637
97883
19995
39479
85192
883
27833
89021
2626
79659
76980
95396
61416
57422
48165
91352
44645
21705
14000
67304
52581
24668
13103
15550
45184
61164
9508
92087
29701
12149
54822
12338
10031
74816
68168
11575
92051
12352
16947
11028
8363
93926
6423
69778
67700
70939
77481
28696
92643
7833
95999
61576
32500
9101
93477
77683
70264
2984
69769
16316
31484
24591
45005
57867
15758
13173
85793
7808
41876
2739
35187
50238
13016
41610
20016
80715
12548
97496
9410
21543
5328
21760
83118
54179
30860
92946
31861
17475
12282
17982
33791
60117
42572
95147
34335
74681
8319
20127
98841
66547
22865
34027
16784
52233
91988
53151
32947
4536
66999
58709
42430
88678
96820
41899
42857
27680
34844
74717
61506
47125
92698
11648
23594
51621
6795
57928
42654
31465
78055
41494
98011
17271
91872
14795
69503
83860
84297
18802
4747
51295
93862
47176
39973
90681
89074
82829
34712
40269
73897
96218
87394
66595
7865
10987
34567
31011
85266
77220
62476
63320
35065
60486
80591
26937
91632
66445
10796
75929
85246
15542
27223
95459
62717
83547
86140
68142
66375
20851
8410
40272
33420
12155
23218
57637
39493
57784
88647
24759
51356
51122
88078
86420
27960
85020
13356
35943
67817
40503
11871
69414
72396
55446
64873
51464
38992
51012
19605
21719
88214
44367
61990
37986
56521
85207
95622
12366
59342
84268
37124
27049
51742
41553
13469
96053
42925
43176
31995
10741
31
60218
80154
72426
32015
45026
23890
71006
12389
43494
9076
16955
87860
71065
54940
60733
72623
50561
73098
48317
51180
10221
75365
19273
68125
5185
15325
11049
64713
63672
38141
64743
23889
18295
37168
72255
79672
61057
43260
8413
20903
52336
25367
8762
39752
80306
85846
28727
47218
58943
77043
98397
85515
68759
17670
53640
90296
49346
81040
55008
13017
35533
19750
53257
70179
56917
25511
49850
34326
85123
74614
55228
53810
99980
63989
93561
96637
66187
22287
43854
25129
15681
42251
10644
792
76272
80635
91087
25617
78026
46094
38634
29910
65843
91890
88
39111
17401
66290
73436
18875
40903
45015
72684
40883
25356
66244
53871
91542
4883
97725
16670
36915
39975
43665
37706
32598
40651
28792
58214
35029
74885
96847
64938
57079
5089
65026
96190
38841
31315
85977
57715
88569
30992
30398
45803
72699
12993
99674
64240
17875
97398
80909
54790
53724
40926
8847
86321
81576
37639
44534
32956
28875
57733
97894
85954
62821
79271
98495
18013
26937
823
75727
15505
48166
6124
61308
20864
35468
77333
85103
53343
91082
82364
24484
44805
39641
33330
47477
21216
87320
8362
70524
16195
82446
68417
2148
61618
47687
16994
79630
74623
17816
55356
6479
65982
77831
84138
3197
13299
61470
88300
82993
52551
87015
23828
13707
26655
73509
77535
64222
60829
2249
34745
93375
84694
19513
11874
46312
67199
28867
25941
58173
46682
97649
64652
29015
91831
48789
48564
5129
26611
36863
4473
95513
40229
28300
25572
83235
1809
19458
47456
78989
21706
98553
72363
6400
18065
84236
69063
1616
13102
11355
59788
76135
25355
40791
21502
17186
5932
70065
38666
32542
23279
43139
44406
79859
87790
69977
63093
89598
89435
10548
84938
27492
9100
57300
50243
43517
57887
19305
45132
87340
30660
4919
79827
56014
62062
17680
89551
67993
87744
28217
16886
27374
71355
77643
7232
59144
63972
70324
65094
69758
97223
66383
97249
22675
23683
47492
66191
97921
83148
27674
85261
13807
48944
65087
86173
11005
82766
92075
78997
86861
20291
12234
30586
7997
89877
54169
83493
53848
24492
64938
23605
38066
31320
37205
77092
71354
84696
43282
69275
67844
87307
70887
98002
36251
35973
526
47255
35090
92601
42604
38302
29243
71189
68887
53592
61065
23055
37084
31264
63898
18373
71220
18315
49692
8425
95407
37398
9472
55040
6672
77315
42347
77558
91669
94949
29882
8546
42203
81323
1146
1158
35976
46741
72347
4862
332
49763
44268
53767
97379
24517
72139
68598
59183
38182
93374
70941
75579
2846
25981
98602
96512
84679
76159
88180
79627
22392
96726
38181
3714
14223
39339
39689
77315
11685
60902
77646
77799
21521
47764
75177
62389
36254
43775
21572
74436
53500
92512
66366
56345
34844
64968
52857
19522
41126
57388
15500
79870
70465
53681
83583
1040
9371
39624
78354
21055
16877
72352
15205
38398
20115
90382
17138
56369
50508
38709
47156
4007
47573
13521
76704
82416
78488
45912
18290
35966
3299
50141
32187
90116
3821
15769
7507
13191
71744
85860
50597
88621
74563
65802
43370
11030
72535
60507
83750
39394
99216
30905
43400
63140
60777
20103
61907
55617
66014
80196
7934
85665
30337
40120
92132
50509
72240
99638
80052
43984
1849
30648
48956
76412
12801
92325
87441
1687
52831
87542
41080
68398
18446
832
31537
95574
37286
93444
51190
19652
89991
59123
5316
36679
15594
13799
87188
87834
13436
83591
48169
15284
14238
13476
8047
43391
5800
11839
45077
74982
99380
86157
43380
34177
3340
91268
29751
40625
1063
80940
60276
7406
56415
81943
44084
88360
95741
47623
76193
9176
31213
40713
40812
61803
54188
48858
5193
76339
60697
66621
51321
60076
69129
11052
10605
72468
2319
40355
13093
19734
37646
73368
27139
10412
55311
87574
98772
67403
51549
91316
92931
99113
48381
33742
60915
2568
82599
82459
78907
59647
49080
46579
36075
18208
57630
46679
90676
76300
3385
20120
96033
41030
93487
39523
51442
65149
27097
66565
48904
78645
57880
41834
77757
6260
75575
55024
25180
74525
37482
4086
50524
86561
67016
86598
21121
24645
49628
28148
944
53012
48267
13329
94041
58105
52851
61834
39606
79947
28398
88509
74943
2630
30342
69052
8889
22268
40427
34068
96792
77908
54505
47315
80821
21520
50264
18293
62516
99891
46440
63460
69254
94706
76788
79647
52810
45990
57832
92415
25937
86230
97275
17231
5211
27616
2634
14099
49883
59412
64519
63027
37320
35375
10341
34492
73247
76957
52784
35762
93199
15575
15573
62453
10280
8712
58451
79441
54702
16282
88208
96990
2511
85482
30572
24073
13098
49558
38172
79332
8969
19042
42358
62640
70768
69051
97131
44014
46007
66266
96128
55557
81840
28052
18009
8471
36764
92811
4264
7817
9093
92471
4806
27955
94304
51729
52028
23753
1286
6551
3085
10255
25592
61794
72894
96359
30844
86377
56725
93202
52642
69204
65111
50834
97255
99471
75656
50370
92282
96271
58186
1374
5093
79343
29328
99397
31072
81355
23149
32357
87905
42585
42611
29848
20731
31857
42559
51574
18233
15635
61128
70874
84838
26238
38059
98444
25708
13715
48814
34341
9985
6999
35714
15078
2694
65042
30826
33765
62748
70326
66121
67005
12911
25084
96852
33641
56940
39410
1566
75172
55044
79045
62397
56233
21634
456
54677
63694
30522
19842
98034
56858
43192
50100
88287
45885
31493
19112
79649
94240
89438
45770
61244
18700
70853
74448
68692
27792
30209
86609
19315
1605
82006
81711
57837
3639
82166
28865
83684
12687
48706
81718
85897
91898
31817
74183
37782
63309
9647
17431
73900
15436
79552
51496
50487
66756
25943
19178
10899
56151
22138
30213
74107
4143
11923
31944
7782
10441
77160
91465
39479
25866
89534
25375
34115
37702
15910
88248
1010
25556
22030
91262
40991
1581
42757
91477
84688
85051
27006
95586
41201
49143
25798
31660
53286
54073
79955
77419
64513
57114
85235
3991
99331
74769
45718
49797
12470
61627
38045
29832
87182
60074
21093
44524
78007
80201
52352
62694
65251
79357
58280
22803
44851
429
54462
98136
70853
34416
91906
35365
91530
77141
55708
7212
51909
1425
57009
80730
79403
95053
26913
66584
55126
48005
27459
49484
28205
79810
12178
93455
75518
86809
16258
20368
3589
70719
34856
74442
21487
26761
26158
13016
3901
98217
20227
72161
15993
77235
69243
95395
88639
96155
78330
60117
60512
5788
9600
88716
1949
38129
98523
77466
24937
31132
97834
44878
18202
32689
35671
39688
75801
78180
52703
96054
76397
89282
84566
8741
82868
53808
4136
71507
49963
98817
31623
10474
20957
41222
15541
22905
79351
30415
371
20639
61546
14556
81868
79748
63596
17538
35787
55748
12070
88490
51801
4818
94123
36367
13558
76990
90174
34045
64848
56488
32862
96470
83313
53818
54044
15206
93074
49746
45620
9796
86736
7166
40703
68604
3265
4298
2493
39051
60046
14562
43892
28198
35731
54366
64564
49289
31356
71090
99685
12555
27577
32546
9025
10890
2715
79420
26095
12141
29165
88066
21936
15900
95231
62639
855
14847
83288
19700
70250
59685
34261
14141
87883
69992
68507
52446
35632
16214
23535
35316
45120
67464
84214
54144
94705
3280
49915
37151
15420
79079
25216
37356
11331
36799
99994
28537
51645
99633
48236
38246
59318
98849
52387
47200
85192
37245
15997
20823
69810
55884
72490
14929
39699
56703
85425
34403
59983
35339
87905
75402
30770
13120
29109
58452
66270
45454
86988
34267
45087
51576
72512
20756
50424
41250
84307
35615
78494
16655
72789
64655
72538
45278
95936
28588
18333
81360
62990
78315
33050
50894
70068
80171
80366
15529
38622
46635
60982
41962
80901
22420
93537
69765
43175
60312
11014
27481
12278
5860
44136
85066
70514
33025
30343
82801
61613
65027
80512
40954
59693
13562
91848
29761
93732
88565
61641
48706
51551
22622
7019
32452
45042
16907
18568
4568
77218
29581
32049
89495
35440
92536
90912
22306
25560
37606
5106
3524
2633
85618
44478
62325
15531
52677
8437
25614
41241
70077
90671
92791
92699
97689
41594
54092
14595
60161
58659
8164
6094
7059
14010
41533
15946
4921
80190
41506
42527
1648
61381
45159
87265
5858
23835
19147
74886
32272
44760
16126
2348
35431
25269
11398
49471
83214
81841
80418
59727
56852
88581
65820
80262
18943
23704
96208
40215
20246
54065
82741
21893
15445
44251
25509
37655
84438
44655
12540
16709
5766
28666
35408
41196
70286
63158
7019
69851
61350
87436
45929
18201
92368
28100
98463
11310
68156
11022
51525
88401
65086
50617
10293
80530
11220
52153
18184
95657
96807
30724
28717
2572
75741
64124
60120
62378
43633
67138
48580
4983
70925
94509
23183
63292
22608
37997
74602
7115
49018
42478
95515
14103
93094
22159
10985
4313
74311
45520
16321
87469
92595
45037
90041
84687
25513
66512
47064
69145
50001
11996
74127
20925
6504
97310
84216
45463
51658
75169
52578
676
17646
64444
14778
27092
86603
42114
47756
77265
87634
64077
64734
80228
25465
71126
64915
50977
37637
28330
20122
3989
56677
94248
24913
79532
7909
25480
24995
59567
17001
93924
60242
50998
58367
91371
78089
61321
33485
42197
38586
37470
22625
3319
34049
48089
74444
15315
99066
28432
43645
19187
32420
16673
13434
73684
96205
21343
15515
21199
97261
48867
31474
57502
99865
6192
65224
94305
67513
15060
36501
22450
52529
59125
25768
86578
23566
16563
1892
22631
44994
61888
41817
93765
78561
71602
83800
74765
9296
99314
12315
6556
48181
60140
80409
64397
66331
45633
58701
50195
60692
11554
72644
29573
87030
14763
16150
10595
31325
34393
33225
92670
12633
91393
86434
7545
62995
86585
82309
88642
85899
10975
95198
50431
87466
75606
14827
70148
37590
89879
20343
98282
1432
9338
27854
4814
24101
60355
15408
71777
94747
64985
64447
23731
72729
67232
31275
52075
53817
29935
40717
56067
40909
52266
6497
44726
27871
37675
14874
81813
27553
35216
80094
45337
60905
24299
66502
85005
84653
98261
56782
95751
63245
37580
19482
35974
21163
50756
88048
74979
97043
45116
31045
54303
97381
53893
99029
41604
7919
13902
23416
35472
65469
19861
97160
26373
44159
80013
27730
45163
78273
84511
40913
57870
38442
76746
10195
59604
43854
14594
50935
40896
59710
98331
95198
57090
52224
94226
15045
60142
24479
38460
11965
89947
58320
25476
16320
18830
5488
44049
63992
113
44911
21257
57982
99704
98002
68176
59307
41855
82769
26593
82750
42478
24924
94300
15920
77147
88525
30964
53640
13004
85776
65605
19302
60447
7432
35621
79277
12920
96021
43268
13032
57283
64524
87365
56986
78878
55540
32645
20732
54660
59237
19834
13490
512
30485
29409
77658
35361
76724
47650
48364
62499
13254
84018
22946
20685
19638
18574
49956
32011
61841
79339
5645
42717
66703
62631
21594
38594
11627
58677
9606
87215
94862
23095
87727
25346
68855
81736
60707
45578
29385
25422
24429
58990
9439
63726
96027
45429
82299
62334
93791
44139
58025
99435
3207
41079
78417
41152
79673
6395
16181
89278
93610
11042
28724
97688
52740
97578
95775
29798
43155
41512
71571
83935
16853
97362
47660
29231
59142
29958
91565
52932
90449
49589
68718
93655
90667
47135
34807
86691
53529
50987
92320
63490
78380
21043
77529
47471
34972
89656
77268
78127
31167
65191
78413
64371
62552
26073
93602
21693
56030
85166
90976
46478
51106
59693
56485
41772
23179
91291
44815
93060
58629
37134
72901
53360
74529
50430
831
9500
56437
94450
3978
87603
59640
82391
51973
22191
24815
45574
60235
80844
47091
67562
43674
98196
43607
158
56320
83137
7800
17486
76196
82780
70971
49097
36139
45499
15878
36969
71351
88666
31419
91680
76268
91058
90422
44592
29601
15236
6518
6187
12432
69960
73749
56105
84508
33707
72614
40827
16843
80413
58312
93039
63192
29282
58487
99330
91133
90716
52651
78835
79381
84069
70514
72000
91478
77288
32943
37430
92523
55812
43617
21306
42124
33717
77410
26631
83775
66375
67457
617
63139
42120
10007
26330
87753
84845
42012
95237
91912
11014
74071
87644
11434
60937
75995
2911
38224
8938
40341
30746
81101
309
68404
23224
50377
45813
49854
34151
28540
33662
34767
91678
92133
61126
34360
96238
45970
76371
91474
37882
3736
81897
25525
15169
42833
17872
18079
81056
26809
74771
28153
24261
91431
96556
63837
41807
58721
30042
92309
87260
63704
27076
78937
72188
88201
13296
68425
50522
6018
76251
4755
26105
58147
46632
41273
979
64503
75704
98386
7663
66826
26538
31923
58257
23094
95759
16415
98166
42153
8724
85425
22208
52151
80713
94395
56703
10361
79172
7224
32730
55422
11979
58835
13568
74962
107
30898
39464
92162
29283
47126
58988
55820
95400
17244
95265
7511
50010
93430
49663
58733
95206
71870
10883
92271
82616
67585
2631
61787
91161
51712
33560
19491
10546
63479
94452
27005
94376
50267
19166
23658
13744
94505
95830
9143
28100
7446
33005
78110
17228
82667
53194
12433
70888
64077
4703
53504
48013
23685
31642
39173
75397
65202
58663
2294
28680
69466
29298
23056
19732
64816
63065
33475
75672
75246
58970
3772
82692
91974
81881
16271
90993
35074
28703
78232
15502
49758
31735
63515
73442
79729
19039
65190
44930
94054
67484
73609
63519
96781
13016
99603
77948
92433
49429
53620
84030
8398
57391
83073
16724
55623
99343
7716
7048
44398
85947
38902
94155
34034
18768
83948
13762
37806
49138
75043
