1
4
8
14
18
43
55
66
67
71
73
87
101
103
104
109
116
121
126
131
142
165
170
195
204
226
230
284
304
317
320
326
333
356
372
390
412
423
440
461
474
476
486
487
492
493
495
502
506
515
517
531
533
542
552
569
581
590
615
619
630
634
637
680
681
682
686
687
696
700
703
736
748
760
765
775
779
784
788
801
828
854
861
878
879
882
887
900
904
904
911
913
925
927
943
947
958
964
974
980
981
994
1016
1021
1024
1033
1034
1056
1057
1065
1072
1078
1085
1102
1107
1121
1146
1159
1164
1182
1182
1186
1187
1202
1205
1212
1217
1243
1244
1246
1253
1280
1291
1334
1343
1397
1399
1400
1405
1415
1421
1430
1439
1456
1459
1462
1480
1480
1482
1504
1520
1524
1542
1543
1557
1564
1565
1565
1582
1587
1632
1636
1662
1678
1710
1721
1763
1795
1797
1823
1850
1854
1881
1887
1905
1933
1971
1983
1985
2018
2026
2037
2040
2052
2055
2056
2062
2062
2096
2105
2111
2115
2125
2139
2142
2144
2165
2178
2200
2201
2218
2222
2229
2242
2246
2258
2262
2314
2315
2316
2326
2339
2341
2343
2351
2355
2365
2374
2379
2387
2411
2446
2456
2489
2504
2526
2534
2540
2542
2557
2561
2581
2591
2594
2601
2602
2603
2619
2626
2627
2648
2674
2695
2705
2708
2726
2726
2751
2751
2752
2752
2755
2770
2772
2773
2780
2783
2788
2793
2794
2799
2800
2813
2826
2830
2841
2843
2850
2855
2892
2901
2906
2937
2963
2971
2983
2985
2985
2986
2994
3006
3018
3023
3035
3039
3046
3051
3059
3075
3089
3093
3099
3112
3115
3120
3121
3121
3141
3160
3160
3182
3187
3190
3195
3206
3214
3243
3247
3248
3267
3273
3278
3282
3288
3291
3303
3303
3310
3313
3313
3314
3315
3327
3339
3341
3348
3358
3388
3390
3396
3404
3418
3423
3426
3436
3449
3456
3471
3474
3477
3498
3499
3526
3535
3542
3548
3595
3596
3605
3615
3646
3696
3696
3703
3704
3717
3720
3725
3730
3760
3765
3772
3788
3790
3797
3803
3822
3852
3854
3876
3895
3896
3901
3905
3906
3906
3912
3924
3930
3939
3945
3970
3990
3990
4014
4020
4044
4090
4094
4116
4123
4135
4154
4161
4162
4168
4185
4219
4221
4230
4240
4242
4254
4258
4259
4263
4270
4297
4315
4329
4331
4334
4342
4350
4352
4412
4416
4418
4431
4432
4434
4437
4445
4445
4470
4474
4491
4505
4519
4519
4521
4530
4532
4537
4547
4553
4568
4569
4574
4575
4578
4592
4611
4614
4619
4623
4660
4665
4671
4678
4681
4681
4716
4717
4729
4731
4747
4752
4762
4793
4803
4815
4815
4821
4857
4860
4887
4889
4916
4921
4938
4949
4956
4962
4965
4970
4994
5015
5022
5047
5062
5066
5082
5085
5113
5114
5120
5126
5127
5147
5151
5158
5201
5220
5222
5228
5228
5255
5258
5266
5267
5277
5278
5280
5284
5294
5302
5306
5311
5322
5323
5337
5342
5380
5392
5411
5420
5430
5430
5443
5446
5487
5497
5522
5528
5528
5543
5550
5552
5559
5570
5577
5583
5585
5592
5606
5609
5620
5628
5636
5648
5650
5651
5692
5697
5700
5703
5717
5724
5747
5772
5774
5775
5776
5782
5787
5787
5791
5804
5822
5822
5822
5836
5847
5855
5867
5869
5870
5874
5891
5910
5918
5922
5931
5936
5978
5997
6006
6010
6013
6038
6046
6051
6057
6060
6066
6086
6111
6112
6129
6134
6141
6149
6155
6174
6176
6191
6197
6199
6211
6220
6237
6243
6256
6276
6290
6298
6306
6327
6331
6340
6342
6350
6371
6373
6378
6386
6391
6405
6408
6431
6432
6432
6439
6442
6443
6443
6484
6490
6506
6519
6526
6527
6529
6564
6574
6579
6591
6591
6592
6599
6607
6616
6617
6636
6649
6670
6680
6681
6691
6699
6701
6714
6718
6773
6782
6792
6793
6800
6830
6858
6859
6861
6865
6882
6945
6967
6967
6984
6986
6992
6998
7015
7022
7025
7044
7047
7056
7066
7083
7099
7108
7113
7119
7122
7130
7137
7137
7158
7172
7200
7210
7213
7223
7229
7241
7253
7257
7259
7267
7272
7280
7304
7311
7322
7327
7330
7333
7370
7389
7389
7391
7394
7395
7401
7412
7415
7448
7452
7473
7483
7487
7499
7513
7514
7521
7533
7538
7541
7556
7557
7578
7586
7587
7588
7613
7633
7636
7640
7641
7659
7659
7679
7689
7692
7722
7723
7725
7733
7775
7779
7787
7811
7835
7837
7843
7856
7866
7886
7907
7912
7944
7948
7955
7962
7968
7972
7992
7993
7996
8007
8034
8036
8041
8052
8067
8083
8124
8126
8127
8130
8136
8138
8141
8144
8150
8151
8154
8165
8172
8173
8186
8214
8216
8259
8272
8280
8282
8282
8284
8285
8310
8315
8320
8334
8338
8348
8356
8370
8374
8385
8390
8392
8407
8419
8421
8450
8460
8471
8477
8483
8488
8489
8521
8527
8531
8540
8566
8566
8586
8592
8614
8617
8619
8623
8627
8627
8639
8645
8649
8653
8657
8664
8668
8676
8693
8699
8699
8704
8722
8726
8727
8757
8771
8782
8787
8795
8801
8829
8853
8865
8878
8881
8901
8912
8912
8919
8926
8942
8949
8950
8965
8966
8991
8999
8999
9002
9008
9010
9013
9029
9029
9034
9046
9048
9066
9067
9071
9074
9091
9104
9107
9123
9127
9145
9150
9158
9172
9172
9181
9196
9204
9212
9216
9218
9241
9248
9260
9265
9273
9276
9293
9321
9373
9375
9382
9398
9435
9456
9465
9482
9485
9532
9533
9534
9556
9572
9576
9582
9583
9585
9605
9620
9634
9643
9660
9662
9672
9684
9685
9703
9723
9725
9737
9738
9778
9794
9797
9806
9813
9825
9857
9875
9883
9889
9899
9900
9905
9942
9953
9956
9971
9993
9993
10006
10023
10042
10054
10057
10058
10067
10097
10100
10100
10102
10110
10133
10167
10179
10184
10191
10200
10230
10233
10256
10257
10279
10283
10287
10295
10307
10334
10335
10346
10346
10354
10401
10402
10445
10478
10481
10481
10482
10504
10507
10532
10533
10538
10548
10577
10586
10588
10591
10593
10605
10645
10646
10648
10654
10662
10668
10668
10669
10669
10677
10679
10685
10690
10693
10698
10723
10726
10729
10741
10764
10771
10784
10787
10809
10810
10815
10825
10826
10826
10835
10851
10856
10860
10864
10869
10898
10906
10909
10915
10920
10925
10926
10929
10932
10961
10966
10970
10971
10976
10996
11005
11022
11037
11045
11047
11051
11051
11051
11056
11068
11071
11073
11088
11096
11109
11118
11134
11139
11157
11158
11167
11172
11177
11181
11183
11198
11209
11215
11228
11238
11248
11259
11268
11269
11284
11287
11288
11294
11301
11305
11309
11315
11318
11319
11322
11330
11343
11348
11352
11358
11373
11379
11406
11420
11420
11432
11433
11439
11442
11444
11449
11453
11463
11471
11492
11500
11503
11510
11514
11545
11547
11561
11569
11573
11589
11592
11611
11633
11663
11684
11688
11697
11698
11702
11710
11713
11717
11730
11734
11736
11751
11756
11768
11772
11816
11837
11842
11851
11854
11856
11887
11888
11904
11909
11920
11935
11969
11972
11976
11979
11981
11993
12001
12002
12009
12019
12021
12028
12031
12034
12038
12043
12049
12056
12074
12089
12090
12101
12111
12133
12147
12168
12173
12177
12189
12201
12208
12233
12247
12273
12320
12333
12352
12358
12364
12381
12387
12413
12429
12433
12438
12458
12459
12463
12470
12472
12493
12495
12498
12498
12502
12510
12512
12530
12533
12538
12539
12544
12545
12552
12553
12563
12569
12589
12623
12628
12631
12641
12643
12647
12656
12685
12690
12694
12697
12697
12730
12758
12760
12767
12772
12774
12775
12777
12796
12809
12836
12839
12860
12862
12862
12874
12879
12899
12911
12915
12918
12928
12932
12940
12944
12944
12947
12949
12953
12957
12962
12971
12983
12983
12989
12997
13006
13010
13019
13022
13024
13043
13044
13051
13063
13084
13084
13091
13096
13114
13122
13138
13156
13157
13159
13164
13165
13181
13192
13195
13200
13237
13251
13254
13258
13259
13260
13274
13277
13306
13310
13324
13343
13347
13362
13371
13391
13396
13459
13470
13472
13512
13513
13522
13524
13525
13529
13543
13551
13551
13558
13566
13575
13578
13587
13594
13623
13661
13662
13691
13710
13725
13731
13757
13762
13774
13795
13796
13800
13810
13816
13840
13842
13847
13876
13885
13892
13893
13899
13912
13917
13919
13934
13947
13955
13961
13966
13993
14021
14023
14054
14084
14092
14100
14102
14103
14109
14121
14126
14127
14132
14151
14209
14213
14220
14241
14244
14250
14252
14254
14260
14262
14267
14269
14273
14283
14283
14284
14296
14307
14312
14324
14327
14335
14361
14369
14379
14384
14389
14392
14406
14417
14418
14428
14434
14436
14439
14450
14451
14473
14485
14493
14527
14543
14559
14567
14569
14574
14575
14578
14589
14598
14613
14618
14639
14672
14674
14694
14706
14724
14727
14728
14739
14751
14791
14814
14820
14821
14833
14838
14847
14851
14851
14856
14863
14900
14911
14924
14928
14939
14946
14948
14950
14965
14983
14986
14994
14999
15004
15009
15017
15023
15031
15031
15036
15059
15059
15065
15068
15071
15073
15077
15086
15107
15109
15133
15150
15156
15159
15162
15191
15208
15219
15224
15238
15284
15291
15293
15309
15311
15311
15312
15316
15337
15350
15356
15372
15384
15403
15403
15417
15437
15456
15479
15482
15518
15519
15520
15524
15567
15568
15572
15593
15595
15605
15609
15616
15620
15625
15627
15631
15635
15643
15645
15646
15679
15683
15704
15743
15747
15750
15771
15791
15821
15830
15836
15843
15854
15859
15870
15875
15875
15896
15903
15915
15934
15946
15951
15953
15956
15966
15985
15987
16015
16025
16046
16051
16057
16098
16099
16124
16156
16166
16173
16187
16189
16192
16194
16204
16208
16227
16231
16246
16253
16282
16285
16324
16332
16335
16354
16367
16367
16370
16375
16381
16382
16386
16412
16413
16426
16440
16453
16455
16464
16490
16517
16526
16529
16532
16540
16540
16560
16569
16582
16592
16593
16593
16610
16612
16614
16624
16639
16659
16662
16691
16693
16696
16711
16763
16771
16771
16780
16806
16813
16814
16835
16841
16848
16857
16868
16872
16873
16888
16891
16897
16898
16899
16907
16948
16953
16956
16984
16988
17007
17012
17022
17023
17042
17058
17060
17061
17062
17068
17092
17103
17140
17149
17153
17161
17181
17186
17187
17192
17207
17208
17224
17229
17234
17235
17237
17238
17244
17260
17286
17287
17320
17340
17348
17352
17357
17359
17365
17379
17381
17410
17425
17443
17449
17451
17453
17476
17482
17483
17489
17490
17521
17523
17523
17527
17534
17560
17561
17563
17564
17574
17578
17588
17593
17597
17644
17652
17654
17669
17670
17673
17681
17695
17704
17705
17707
17730
17736
17738
17741
17747
17748
17754
17758
17762
17763
17783
17796
17798
17805
17862
17863
17881
17889
17906
17911
17924
17948
17948
17954
17954
17957
17959
17960
17975
17988
18002
18026
18028
18044
18056
18076
18087
18107
18128
18138
18143
18143
18151
18177
18186
18186
18187
18194
18196
18196
18199
18208
18210
18217
18239
18252
18254
18257
18267
18307
18331
18354
18359
18388
18392
18393
18395
18397
18399
18407
18413
18433
18436
18441
18444
18454
18457
18465
18466
18486
18490
18496
18497
18527
18532
18537
18543
18569
18570
18584
18597
18605
18620
18623
18639
18640
18647
18686
18692
18694
18710
18712
18718
18718
18742
18743
18753
18759
18779
18782
18783
18784
18793
18808
18810
18836
18840
18841
18842
18876
18877
18894
18895
18905
18917
18948
18956
18970
18974
18977
18984
19015
19022
19038
19057
19076
19108
19112
19158
19172
19186
19186
19188
19195
19205
19217
19238
19242
19245
19253
19257
19296
19306
19335
19341
19354
19356
19357
19374
19374
19377
19379
19392
19395
19398
19406
19412
19415
19418
19422
19434
19456
19456
19464
19466
19468
19471
19476
19478
19481
19487
19490
19494
19498
19501
19520
19576
19581
19587
19591
19597
19608
19610
19611
19611
19632
19633
19649
19680
19723
19741
19761
19763
19778
19785
19788
19789
19809
19812
19816
19817
19818
19820
19832
19838
19843
19854
19864
19891
19903
19903
19921
19923
19925
19929
19930
19941
19945
19985
19992
20015
20017
20018
20034
20064
20067
20069
20078
20087
20094
20113
20130
20145
20154
20168
20172
20176
20181
20187
20213
20219
20238
20240
20252
20266
20289
20296
20303
20313
20375
20388
20398
20409
20416
20425
20426
20434
20449
20451
20458
20470
20476
20477
20478
20480
20495
20504
20533
20540
20541
20544
20551
20553
20563
20568
20582
20590
20594
20609
20613
20641
20660
20664
20670
20678
20690
20700
20704
20705
20710
20712
20719
20727
20749
20749
20749
20754
20768
20772
20779
20795
20810
20818
20856
20859
20864
20866
20870
20874
20876
20887
20897
20899
20902
20903
20909
20921
20928
20939
20939
20943
20947
20960
20977
20994
21057
21064
21065
21079
21083
21091
21103
21110
21112
21123
21138
21141
21143
21153
21195
21201
21204
21214
21216
21222
21226
21238
21239
21241
21243
21253
21269
21271
21279
21281
21319
21328
21332
21332
21338
21345
21358
21361
21412
21424
21429
21450
21469
21473
21473
21485
21509
21511
21514
21515
21524
21533
21556
21563
21564
21575
21576
21603
21633
21637
21639
21644
21651
21654
21669
21687
21701
21710
21713
21714
21725
21748
21751
21753
21763
21777
21777
21812
21815
21817
21827
21837
21839
21842
21850
21851
21854
21863
21885
21896
21903
21906
21924
21931
21938
21949
21954
21962
21970
21980
21981
22005
22012
22019
22026
22028
22033
22054
22054
22060
22064
22078
22079
22103
22121
22132
22136
22157
22177
22181
22186
22187
22188
22200
22205
22210
22222
22223
22233
22271
22272
22288
22290
22298
22305
22309
22322
22330
22331
22348
22350
22351
22355
22358
22368
22371
22384
22391
22392
22392
22395
22404
22408
22410
22426
22433
22442
22442
22458
22475
22483
22484
22509
22511
22518
22531
22548
22555
22575
22582
22585
22615
22615
22654
22654
22659
22663
22665
22667
22704
22706
22722
22722
22753
22753
22770
22778
22779
22781
22808
22813
22814
22816
22819
22821
22824
22839
22840
22876
22882
22901
22902
22924
22936
22946
22952
22977
22977
23015
23044
23055
23057
23060
23079
23084
23091
23108
23118
23119
23123
23154
23162
23178
23182
23197
23198
23201
23217
23219
23222
23224
23227
23260
23261
23262
23262
23270
23273
23292
23294
23295
23303
23308
23315
23346
23358
23363
23365
23366
23375
23383
23385
23387
23390
23391
23416
23427
23462
23485
23500
23501
23504
23524
23565
23578
23579
23612
23613
23617
23617
23631
23632
23633
23633
23646
23652
23662
23663
23676
23678
23680
23694
23706
23725
23734
23737
23745
23770
23772
23775
23783
23785
23791
23791
23802
23810
23810
23811
23814
23848
23860
23864
23865
23889
23922
23924
23932
23944
23948
23949
23951
23954
23978
23983
23984
23988
23990
23992
23993
23999
24005
24041
24059
24081
24093
24107
24124
24138
24152
24152
24167
24176
24188
24195
24197
24211
24220
24242
24254
24267
24279
24282
24287
24292
24297
24308
24319
24322
24336
24338
24351
24353
24370
24388
24408
24408
24430
24434
24450
24457
24470
24472
24472
24480
24488
24489
24498
24501
24522
24545
24554
24564
24579
24589
24595
24609
24630
24641
24645
24655
24662
24686
24688
24691
24692
24706
24708
24709
24716
24720
24751
24752
24757
24762
24777
24783
24803
24816
24829
24836
24848
24854
24855
24866
24878
24883
24885
24893
24894
24923
24980
24985
24992
25004
25006
25007
25012
25021
25034
25038
25050
25061
25078
25082
25095
25097
25154
25165
25179
25198
25202
25210
25210
25217
25219
25224
25224
25264
25271
25274
25278
25290
25307
25320
25324
25340
25344
25367
25368
25387
25398
25416
25419
25449
25498
25506
25510
25516
25518
25525
25527
25542
25548
25576
25577
25590
25596
25597
25603
25607
25612
25613
25615
25616
25618
25623
25624
25628
25646
25652
25671
25675
25680
25683
25690
25691
25694
25696
25715
25722
25724
25734
25741
25750
25759
25761
25766
25775
25794
25798
25799
25831
25833
25833
25834
25839
25851
25875
25883
25914
25916
25919
25931
25935
25941
25951
25966
25980
25989
25998
26049
26055
26061
26064
26074
26074
26089
26098
26098
26099
26111
26133
26135
26141
26178
26181
26188
26193
26205
26221
26226
26228
26236
26299
26310
26311
26317
26325
26332
26341
26348
26356
26375
26387
26390
26407
26410
26414
26433
26433
26438
26454
26462
26481
26485
26504
26512
26526
26562
26570
26576
26585
26586
26593
26640
26641
26651
26675
26682
26684
26688
26690
26691
26697
26697
26709
26716
26728
26740
26776
26780
26792
26795
26808
26817
26826
26833
26846
26863
26885
26896
26900
26901
26913
26924
26932
26934
26934
26942
26945
26954
26957
26962
26968
27007
27008
27009
27018
27026
27028
27033
27035
27047
27062
27087
27100
27134
27149
27169
27178
27212
27219
27220
27232
27235
27238
27254
27255
27264
27280
27294
27325
27328
27332
27346
27355
27359
27359
27366
27372
27391
27395
27395
27401
27415
27430
27445
27492
27503
27510
27543
27544
27578
27585
27603
27605
27610
27641
27648
27651
27652
27663
27664
27676
27696
27699
27700
27726
27728
27742
27751
27771
27798
27799
27813
27819
27820
27829
27838
27839
27841
27845
27880
27881
27885
27889
27914
27926
27936
27937
27946
27971
27982
27983
27986
27991
27995
27999
27999
27999
28011
28039
28040
28043
28053
28060
28066
28067
28073
28080
28080
28084
28090
28103
28116
28124
28139
28146
28169
28175
28175
28193
28204
28220
28243
28244
28251
28252
28255
28258
28265
28265
28307
28310
28320
28335
28336
28368
28378
28394
28409
28410
28425
28433
28454
28469
28474
28481
28506
28518
28520
28546
28548
28555
28560
28575
28581
28593
28595
28616
28630
28631
28631
28649
28650
28660
28663
28668
28672
28677
28689
28703
28706
28724
28737
28738
28776
28785
28800
28805
28806
28813
28841
28849
28858
28859
28870
28876
28882
28886
28888
28899
28899
28911
28921
28929
28930
28936
28961
28988
28989
28996
29000
29023
29025
29040
29044
29057
29083
29087
29116
29117
29134
29135
29137
29138
29141
29144
29146
29147
29154
29157
29167
29177
29178
29181
29182
29183
29184
29192
29207
29208
29232
29233
29245
29267
29267
29276
29278
29278
29280
29341
29354
29362
29372
29373
29381
29386
29401
29405
29417
29419
29420
29422
29503
29511
29515
29546
29556
29561
29573
29577
29577
29588
29590
29602
29607
29642
29649
29667
29669
29673
29683
29687
29690
29690
29695
29698
29711
29712
29712
29719
29731
29737
29759
29770
29782
29786
29795
29798
29798
29855
29877
29881
29919
29935
29937
29957
29957
29969
29973
29981
30014
30016
30019
30029
30049
30068
30071
30080
30081
30082
30104
30107
30131
30133
30138
30139
30139
30149
30165
30206
30208
30234
30245
30264
30265
30265
30266
30267
30281
30285
30306
30309
30315
30316
30320
30324
30334
30342
30364
30427
30428
30439
30456
30464
30477
30477
30479
30488
30489
30496
30503
30517
30532
30541
30546
30549
30554
30554
30554
30581
30584
30589
30604
30608
30618
30633
30636
30668
30669
30673
30677
30689
30701
30718
30720
30721
30724
30730
30758
30765
30781
30790
30794
30801
30802
30803
30836
30844
30867
30872
30886
30887
30888
30900
30933
30951
30957
30977
31003
31013
31041
31064
31073
31075
31081
31091
31096
31127
31134
31142
31146
31158
31164
31173
31183
31184
31198
31225
31231
31261
31262
31269
31279
31280
31281
31304
31335
31346
31403
31409
31409
31419
31434
31439
31473
31479
31481
31482
31484
31487
31510
31513
31527
31543
31577
31581
31604
31607
31631
31640
31657
31688
31701
31703
31724
31735
31736
31747
31755
31764
31766
31776
31782
31786
31802
31815
31823
31829
31840
31841
31843
31870
31880
31888
31892
31898
31903
31904
31911
31921
31951
31960
31964
31966
31975
31984
32013
32027
32034
32064
32065
32068
32080
32091
32116
32120
32127
32134
32145
32145
32145
32164
32174
32178
32185
32195
32201
32208
32217
32218
32222
32226
32247
32250
32266
32270
32315
32316
32332
32332
32334
32345
32346
32355
32357
32359
32368
32369
32382
32399
32402
32420
32437
32463
32478
32486
32496
32521
32533
32534
32542
32548
32575
32606
32608
32622
32624
32635
32640
32641
32642
32643
32648
32660
32674
32676
32684
32691
32704
32710
32718
32735
32756
32758
32762
32766
32768
32771
32772
32783
32788
32794
32802
32819
32824
32839
32840
32846
32852
32859
32861
32875
32877
32878
32892
32898
32903
32923
32925
32929
32931
32955
32981
32991
33000
33004
33028
33045
33070
33075
33097
33099
33107
33128
33134
33134
33157
33179
33208
33215
33228
33231
33236
33237
33237
33246
33247
33269
33278
33288
33291
33294
33300
33303
33304
33313
33332
33340
33349
33367
33390
33399
33407
33415
33424
33434
33439
33440
33442
33452
33452
33460
33472
33483
33521
33540
33544
33555
33582
33593
33597
33598
33607
33608
33611
33614
33625
33632
33638
33640
33648
33657
33665
33672
33693
33709
33709
33724
33735
33739
33747
33766
33766
33767
33783
33784
33790
33791
33796
33797
33803
33804
33810
33816
33823
33855
33857
33865
33872
33874
33907
33926
33945
33946
33965
33969
33980
34004
34013
34016
34070
34077
34078
34091
34111
34134
34140
34143
34153
34157
34167
34177
34180
34184
34225
34226
34245
34264
34270
34276
34294
34299
34307
34325
34333
34338
34359
34383
34392
34395
34411
34420
34426
34466
34471
34472
34473
34474
34476
34496
34504
34505
34535
34541
34596
34601
34623
34647
34657
34672
34676
34680
34689
34694
34702
34705
34709
34715
34718
34733
34738
34740
34753
34756
34756
34779
34780
34787
34799
34804
34816
34843
34862
34882
34884
34886
34888
34902
34925
34927
34934
34956
34963
34985
34994
34997
35010
35017
35023
35043
35057
35064
35071
35072
35078
35083
35088
35091
35092
35106
35125
35136
35147
35161
35168
35169
35170
35173
35176
35184
35187
35191
35194
35202
35206
35212
35212
35216
35217
35232
35233
35249
35258
35260
35264
35277
35278
35294
35313
35326
35328
35337
35339
35348
35361
35382
35400
35407
35436
35446
35471
35479
35497
35511
35530
35555
35568
35569
35591
35596
35602
35617
35626
35632
35670
35682
35683
35705
35727
35754
35760
35763
35770
35774
35798
35799
35802
35810
35814
35817
35817
35831
35844
35870
35873
35874
35923
35925
35930
35936
35939
35942
35946
35957
35959
35981
35988
36003
36011
36013
36036
36043
36045
36071
36099
36101
36123
36124
36126
36128
36131
36141
36151
36158
36160
36161
36204
36208
36220
36226
36237
36239
36277
36279
36286
36304
36314
36315
36336
36359
36359
36409
36424
36426
36426
36435
36436
36449
36453
36460
36478
36487
36491
36507
36512
36539
36543
36556
36559
36574
36583
36586
36595
36605
36610
36610
36610
36619
36625
36634
36641
36646
36647
36659
36665
36665
36674
36679
36684
36690
36694
36704
36708
36709
36713
36734
36745
36747
36769
36777
36777
36835
36841
36846
36859
36866
36872
36874
36875
36876
36877
36888
36905
36915
36927
36936
36944
36953
36965
36981
36986
36992
36996
37015
37042
37056
37074
37075
37077
37083
37099
37100
37110
37127
37136
37138
37140
37145
37168
37173
37190
37199
37220
37232
37249
37257
37259
37272
37290
37292
37293
37295
37298
37313
37324
37330
37330
37333
37337
37347
37371
37396
37401
37412
37415
37441
37447
37488
37489
37493
37495
37501
37508
37565
37591
37605
37607
37613
37669
37681
37692
37700
37704
37751
37752
37752
37776
37781
37814
37817
37818
37832
37849
37849
37864
37870
37877
37898
37898
37967
38004
38010
38020
38024
38027
38033
38035
38038
38054
38060
38071
38090
38139
38146
38153
38158
38160
38163
38175
38181
38216
38225
38233
38245
38260
38261
38266
38267
38275
38276
38285
38294
38311
38322
38335
38341
38348
38363
38367
38370
38375
38380
38389
38390
38396
38398
38407
38411
38420
38425
38430
38433
38445
38450
38454
38468
38478
38487
38487
38496
38499
38505
38521
38528
38537
38539
38554
38571
38576
38589
38592
38600
38616
38616
38632
38644
38666
38668
38712
38720
38725
38748
38763
38778
38786
38794
38797
38823
38824
38835
38847
38851
38856
38863
38866
38867
38889
38898
38907
38924
38943
38970
38973
38981
38998
39012
39021
39044
39045
39053
39059
39059
39072
39078
39115
39123
39136
39139
39144
39146
39150
39154
39163
39176
39190
39192
39212
39217
39221
39224
39226
39235
39246
39276
39277
39283
39285
39299
39301
39311
39312
39325
39326
39327
39359
39361
39362
39363
39371
39390
39396
39429
39430
39440
39441
39445
39447
39447
39448
39452
39461
39475
39476
39476
39478
39480
39482
39490
39510
39529
39558
39575
39579
39580
39587
39605
39611
39616
39622
39625
39628
39654
39657
39661
39677
39678
39691
39731
39735
39760
39771
39783
39785
39798
39802
39830
39835
39838
39846
39858
39861
39870
39888
39892
39895
39897
39902
39909
39953
39953
39955
39959
39959
39960
39963
39968
39972
39998
39998
40010
40013
40036
40042
40063
40067
40067
40068
40093
40095
40107
40119
40132
40135
40138
40145
40150
40170
40172
40174
40180
40197
40199
40200
40209
40226
40240
40256
40266
40296
40302
40305
40309
40345
40352
40383
40386
40398
40430
40431
40432
40455
40461
40468
40477
40489
40490
40501
40511
40512
40527
40529
40535
40538
40551
40556
40559
40561
40563
40565
40566
40571
40581
40591
40591
40607
40627
40663
40679
40688
40702
40707
40708
40712
40717
40720
40727
40739
40739
40740
40755
40757
40763
40776
40791
40797
40798
40800
40814
40815
40820
40827
40835
40840
40851
40853
40876
40908
40939
40942
40951
40958
40959
40967
40967
40968
40969
40971
40973
40985
40987
41015
41028
41039
41048
41049
41059
41067
41071
41075
41087
41090
41092
41106
41141
41162
41172
41178
41178
41183
41195
41207
41211
41216
41219
41223
41224
41225
41236
41240
41240
41242
41249
41251
41251
41255
41260
41267
41284
41287
41312
41315
41330
41340
41348
41366
41374
41385
41394
41403
41413
41416
41422
41436
41449
41453
41460
41461
41462
41464
41466
41468
41473
41477
41484
41494
41515
41521
41524
41531
41547
41555
41558
41570
41577
41581
41592
41600
41601
41606
41606
41616
41644
41655
41661
41665
41668
41679
41682
41694
41698
41703
41708
41712
41719
41719
41738
41741
41742
41748
41749
41755
41768
41768
41768
41773
41778
41794
41803
41831
41848
41853
41859
41860
41879
41898
41901
41915
41918
41935
41967
41979
41990
41992
42003
42015
42017
42031
42036
42042
42052
42061
42091
42107
42112
42143
42151
42152
42161
42163
42209
42217
42236
42237
42239
42245
42255
42256
42259
42283
42290
42310
42312
42317
42318
42326
42337
42338
42343
42343
42349
42372
42383
42389
42400
42406
42411
42415
42418
42424
42425
42436
42468
42471
42491
42512
42514
42523
42525
42528
42538
42541
42541
42550
42552
42557
42566
42584
42596
42610
42620
42641
42645
42652
42659
42673
42691
42694
42713
42721
42741
42742
42758
42767
42777
42803
42812
42819
42843
42852
42852
42854
42871
42875
42901
42913
42931
42935
42935
42937
42939
42947
42960
42962
42962
42967
42973
42990
42998
43005
43015
43029
43039
43094
43103
43104
43107
43110
43111
43143
43148
43167
43182
43198
43210
43236
43239
43242
43243
43253
43254
43260
43264
43264
43273
43276
43279
43283
43298
43313
43325
43326
43329
43336
43339
43341
43354
43377
43410
43447
43463
43466
43468
43471
43473
43509
43512
43522
43522
43531
43543
43551
43551
43584
43598
43604
43607
43629
43633
43649
43656
43659
43669
43676
43680
43698
43709
43732
43740
43746
43760
43762
43773
43787
43792
43800
43805
43831
43842
43842
43843
43845
43862
43900
43903
43908
43910
43913
43918
43945
43948
43974
44045
44058
44062
44066
44082
44087
44097
44100
44101
44106
44114
44119
44135
44139
44140
44152
44159
44162
44177
44177
44178
44184
44209
44211
44227
44234
44236
44247
44252
44260
44263
44268
44268
44268
44280
44297
44323
44328
44350
44354
44363
44365
44378
44381
44393
44412
44417
44419
44419
44425
44428
44431
44434
44442
44459
44463
44480
44482
44486
44497
44505
44506
44512
44522
44523
44526
44532
44532
44534
44535
44544
44557
44559
44563
44565
44586
44593
44602
44609
44610
44644
44646
44670
44673
44676
44677
44683
44685
44694
44695
44728
44732
44741
44747
44764
44765
44771
44773
44773
44785
44792
44814
44838
44864
44869
44873
44879
44886
44896
44897
44899
44927
44937
44943
44948
44950
44955
44961
44982
45003
45011
45023
45040
45042
45068
45076
45086
45093
45108
45123
45129
45131
45141
45157
45161
45174
45178
45193
45214
45259
45261
45269
45295
45303
45306
45307
45307
45311
45312
45314
45320
45329
45336
45362
45387
45389
45391
45402
45410
45423
45439
45441
45454
45466
45480
45483
45492
45495
45506
45513
45514
45526
45556
45576
45592
45601
45602
45612
45613
45617
45637
45648
45651
45655
45655
45662
45676
45699
45702
45710
45727
45729
45736
45747
45751
45757
45771
45798
45801
45803
45807
45812
45818
45829
45830
45832
45840
45846
45850
45855
45868
45877
45879
45894
45903
45915
45916
45918
45922
45942
45943
45949
45956
45959
45980
45986
46013
46035
46068
46074
46079
46090
46098
46113
46127
46128
46136
46144
46155
46198
46198
46213
46244
46268
46275
46294
46295
46301
46382
46387
46401
46404
46408
46430
46437
46440
46444
46444
46454
46454
46488
46516
46523
46533
46537
46549
46566
46581
46589
46589
46590
46590
46600
46603
46606
46629
46629
46640
46644
46647
46651
46668
46677
46680
46693
46693
46712
46735
46743
46747
46761
46762
46763
46764
46782
46785
46789
46819
46825
46872
46890
46893
46899
46902
46921
46930
46931
46984
46990
46999
47015
47015
47017
47030
47032
47045
47047
47050
47053
47072
47084
47085
47086
47115
47123
47125
47127
47136
47145
47152
47155
47202
47223
47224
47232
47240
47244
47249
47260
47273
47316
47348
47353
47356
47359
47380
47396
47399
47401
47416
47417
47422
47432
47444
47459
47461
47469
47477
47502
47503
47510
47517
47517
47521
47549
47555
47558
47569
47570
47578
47581
47588
47597
47598
47615
47623
47625
47642
47653
47658
47672
47687
47690
47720
47721
47737
47740
47759
47775
47776
47777
47788
47789
47795
47827
47844
47847
47850
47854
47857
47866
47881
47892
47892
47902
47902
47931
47933
47934
47938
47940
47958
47962
47987
47991
47991
47994
47998
48003
48017
48039
48049
48061
48070
48089
48113
48118
48138
48198
48198
48220
48227
48234
48245
48262
48263
48264
48276
48279
48283
48292
48297
48297
48309
48311
48319
48337
48343
48348
48348
48357
48361
48367
48368
48369
48370
48379
48394
48399
48399
48408
48413
48420
48430
48432
48448
48458
48463
48476
48494
48502
48509
48517
48518
48522
48532
48541
48548
48559
48561
48581
48583
48590
48595
48619
48628
48637
48699
48699
48702
48714
48753
48782
48789
48791
48792
48794
48802
48820
48825
48833
48846
48856
48861
48867
48872
48918
48918
48924
48926
48931
48944
48955
48962
48964
48974
48978
48992
49006
49017
49027
49032
49066
49067
49080
49083
49094
49106
49110
49112
49150
49167
49176
49197
49208
49212
49230
49231
49233
49234
49246
49249
49249
49265
49281
49305
49326
49336
49337
49374
49402
49407
49409
49413
49422
49434
49448
49477
49510
49517
49529
49570
49570
49594
49641
49658
49688
49749
49752
49764
49774
49774
49779
49803
49825
49835
49835
49836
49853
49859
49870
49877
49892
49910
49920
49941
49952
49956
49969
49974
49978
