49978
49974
49969
49956
49952
49941
49920
49910
49892
49877
49870
49859
49853
49836
49835
49835
49825
49803
49779
49774
49774
49764
49752
49749
49688
49658
49641
49594
49570
49570
49529
49517
49510
49477
49448
49434
49422
49413
49409
49407
49402
49374
49337
49336
49326
49305
49281
49265
49249
49249
49246
49234
49233
49231
49230
49212
49208
49197
49176
49167
49150
49112
49110
49106
49094
49083
49080
49067
49066
49032
49027
49017
49006
48992
48978
48974
48964
48962
48955
48944
48931
48926
48924
48918
48918
48872
48867
48861
48856
48846
48833
48825
48820
48802
48794
48792
48791
48789
48782
48753
48714
48702
48699
48699
48637
48628
48619
48595
48590
48583
48581
48561
48559
48548
48541
48532
48522
48518
48517
48509
48502
48494
48476
48463
48458
48448
48432
48430
48420
48413
48408
48399
48399
48394
48379
48370
48369
48368
48367
48361
48357
48348
48348
48343
48337
48319
48311
48309
48297
48297
48292
48283
48279
48276
48264
48263
48262
48245
48234
48227
48220
48198
48198
48138
48118
48113
48089
48070
48061
48049
48039
48017
48003
47998
47994
47991
47991
47987
47962
47958
47940
47938
47934
47933
47931
47902
47902
47892
47892
47881
47866
47857
47854
47850
47847
47844
47827
47795
47789
47788
47777
47776
47775
47759
47740
47737
47721
47720
47690
47687
47672
47658
47653
47642
47625
47623
47615
47598
47597
47588
47581
47578
47570
47569
47558
47555
47549
47521
47517
47517
47510
47503
47502
47477
47469
47461
47459
47444
47432
47422
47417
47416
47401
47399
47396
47380
47359
47356
47353
47348
47316
47273
47260
47249
47244
47240
47232
47224
47223
47202
47155
47152
47145
47136
47127
47125
47123
47115
47086
47085
47084
47072
47053
47050
47047
47045
47032
47030
47017
47015
47015
46999
46990
46984
46931
46930
46921
46902
46899
46893
46890
46872
46825
46819
46789
46785
46782
46764
46763
46762
46761
46747
46743
46735
46712
46693
46693
46680
46677
46668
46651
46647
46644
46640
46629
46629
46606
46603
46600
46590
46590
46589
46589
46581
46566
46549
46537
46533
46523
46516
46488
46454
46454
46444
46444
46440
46437
46430
46408
46404
46401
46387
46382
46301
46295
46294
46275
46268
46244
46213
46198
46198
46155
46144
46136
46128
46127
46113
46098
46090
46079
46074
46068
46035
46013
45986
45980
45959
45956
45949
45943
45942
45922
45918
45916
45915
45903
45894
45879
45877
45868
45855
45850
45846
45840
45832
45830
45829
45818
45812
45807
45803
45801
45798
45771
45757
45751
45747
45736
45729
45727
45710
45702
45699
45676
45662
45655
45655
45651
45648
45637
45617
45613
45612
45602
45601
45592
45576
45556
45526
45514
45513
45506
45495
45492
45483
45480
45466
45454
45441
45439
45423
45410
45402
45391
45389
45387
45362
45336
45329
45320
45314
45312
45311
45307
45307
45306
45303
45295
45269
45261
45259
45214
45193
45178
45174
45161
45157
45141
45131
45129
45123
45108
45093
45086
45076
45068
45042
45040
45023
45011
45003
44982
44961
44955
44950
44948
44943
44937
44927
44899
44897
44896
44886
44879
44873
44869
44864
44838
44814
44792
44785
44773
44773
44771
44765
44764
44747
44741
44732
44728
44695
44694
44685
44683
44677
44676
44673
44670
44646
44644
44610
44609
44602
44593
44586
44565
44563
44559
44557
44544
44535
44534
44532
44532
44526
44523
44522
44512
44506
44505
44497
44486
44482
44480
44463
44459
44442
44434
44431
44428
44425
44419
44419
44417
44412
44393
44381
44378
44365
44363
44354
44350
44328
44323
44297
44280
44268
44268
44268
44263
44260
44252
44247
44236
44234
44227
44211
44209
44184
44178
44177
44177
44162
44159
44152
44140
44139
44135
44119
44114
44106
44101
44100
44097
44087
44082
44066
44062
44058
44045
43974
43948
43945
43918
43913
43910
43908
43903
43900
43862
43845
43843
43842
43842
43831
43805
43800
43792
43787
43773
43762
43760
43746
43740
43732
43709
43698
43680
43676
43669
43659
43656
43649
43633
43629
43607
43604
43598
43584
43551
43551
43543
43531
43522
43522
43512
43509
43473
43471
43468
43466
43463
43447
43410
43377
43354
43341
43339
43336
43329
43326
43325
43313
43298
43283
43279
43276
43273
43264
43264
43260
43254
43253
43243
43242
43239
43236
43210
43198
43182
43167
43148
43143
43111
43110
43107
43104
43103
43094
43039
43029
43015
43005
42998
42990
42973
42967
42962
42962
42960
42947
42939
42937
42935
42935
42931
42913
42901
42875
42871
42854
42852
42852
42843
42819
42812
42803
42777
42767
42758
42742
42741
42721
42713
42694
42691
42673
42659
42652
42645
42641
42620
42610
42596
42584
42566
42557
42552
42550
42541
42541
42538
42528
42525
42523
42514
42512
42491
42471
42468
42436
42425
42424
42418
42415
42411
42406
42400
42389
42383
42372
42349
42343
42343
42338
42337
42326
42318
42317
42312
42310
42290
42283
42259
42256
42255
42245
42239
42237
42236
42217
42209
42163
42161
42152
42151
42143
42112
42107
42091
42061
42052
42042
42036
42031
42017
42015
42003
41992
41990
41979
41967
41935
41918
41915
41901
41898
41879
41860
41859
41853
41848
41831
41803
41794
41778
41773
41768
41768
41768
41755
41749
41748
41742
41741
41738
41719
41719
41712
41708
41703
41698
41694
41682
41679
41668
41665
41661
41655
41644
41616
41606
41606
41601
41600
41592
41581
41577
41570
41558
41555
41547
41531
41524
41521
41515
41494
41484
41477
41473
41468
41466
41464
41462
41461
41460
41453
41449
41436
41422
41416
41413
41403
41394
41385
41374
41366
41348
41340
41330
41315
41312
41287
41284
41267
41260
41255
41251
41251
41249
41242
41240
41240
41236
41225
41224
41223
41219
41216
41211
41207
41195
41183
41178
41178
41172
41162
41141
41106
41092
41090
41087
41075
41071
41067
41059
41049
41048
41039
41028
41015
40987
40985
40973
40971
40969
40968
40967
40967
40959
40958
40951
40942
40939
40908
40876
40853
40851
40840
40835
40827
40820
40815
40814
40800
40798
40797
40791
40776
40763
40757
40755
40740
40739
40739
40727
40720
40717
40712
40708
40707
40702
40688
40679
40663
40627
40607
40591
40591
40581
40571
40566
40565
40563
40561
40559
40556
40551
40538
40535
40529
40527
40512
40511
40501
40490
40489
40477
40468
40461
40455
40432
40431
40430
40398
40386
40383
40352
40345
40309
40305
40302
40296
40266
40256
40240
40226
40209
40200
40199
40197
40180
40174
40172
40170
40150
40145
40138
40135
40132
40119
40107
40095
40093
40068
40067
40067
40063
40042
40036
40013
40010
39998
39998
39972
39968
39963
39960
39959
39959
39955
39953
39953
39909
39902
39897
39895
39892
39888
39870
39861
39858
39846
39838
39835
39830
39802
39798
39785
39783
39771
39760
39735
39731
39691
39678
39677
39661
39657
39654
39628
39625
39622
39616
39611
39605
39587
39580
39579
39575
39558
39529
39510
39490
39482
39480
39478
39476
39476
39475
39461
39452
39448
39447
39447
39445
39441
39440
39430
39429
39396
39390
39371
39363
39362
39361
39359
39327
39326
39325
39312
39311
39301
39299
39285
39283
39277
39276
39246
39235
39226
39224
39221
39217
39212
39192
39190
39176
39163
39154
39150
39146
39144
39139
39136
39123
39115
39078
39072
39059
39059
39053
39045
39044
39021
39012
38998
38981
38973
38970
38943
38924
38907
38898
38889
38867
38866
38863
38856
38851
38847
38835
38824
38823
38797
38794
38786
38778
38763
38748
38725
38720
38712
38668
38666
38644
38632
38616
38616
38600
38592
38589
38576
38571
38554
38539
38537
38528
38521
38505
38499
38496
38487
38487
38478
38468
38454
38450
38445
38433
38430
38425
38420
38411
38407
38398
38396
38390
38389
38380
38375
38370
38367
38363
38348
38341
38335
38322
38311
38294
38285
38276
38275
38267
38266
38261
38260
38245
38233
38225
38216
38181
38175
38163
38160
38158
38153
38146
38139
38090
38071
38060
38054
38038
38035
38033
38027
38024
38020
38010
38004
37967
37898
37898
37877
37870
37864
37849
37849
37832
37818
37817
37814
37781
37776
37752
37752
37751
37704
37700
37692
37681
37669
37613
37607
37605
37591
37565
37508
37501
37495
37493
37489
37488
37447
37441
37415
37412
37401
37396
37371
37347
37337
37333
37330
37330
37324
37313
37298
37295
37293
37292
37290
37272
37259
37257
37249
37232
37220
37199
37190
37173
37168
37145
37140
37138
37136
37127
37110
37100
37099
37083
37077
37075
37074
37056
37042
37015
36996
36992
36986
36981
36965
36953
36944
36936
36927
36915
36905
36888
36877
36876
36875
36874
36872
36866
36859
36846
36841
36835
36777
36777
36769
36747
36745
36734
36713
36709
36708
36704
36694
36690
36684
36679
36674
36665
36665
36659
36647
36646
36641
36634
36625
36619
36610
36610
36610
36605
36595
36586
36583
36574
36559
36556
36543
36539
36512
36507
36491
36487
36478
36460
36453
36449
36436
36435
36426
36426
36424
36409
36359
36359
36336
36315
36314
36304
36286
36279
36277
36239
36237
36226
36220
36208
36204
36161
36160
36158
36151
36141
36131
36128
36126
36124
36123
36101
36099
36071
36045
36043
36036
36013
36011
36003
35988
35981
35959
35957
35946
35942
35939
35936
35930
35925
35923
35874
35873
35870
35844
35831
35817
35817
35814
35810
35802
35799
35798
35774
35770
35763
35760
35754
35727
35705
35683
35682
35670
35632
35626
35617
35602
35596
35591
35569
35568
35555
35530
35511
35497
35479
35471
35446
35436
35407
35400
35382
35361
35348
35339
35337
35328
35326
35313
35294
35278
35277
35264
35260
35258
35249
35233
35232
35217
35216
35212
35212
35206
35202
35194
35191
35187
35184
35176
35173
35170
35169
35168
35161
35147
35136
35125
35106
35092
35091
35088
35083
35078
35072
35071
35064
35057
35043
35023
35017
35010
34997
34994
34985
34963
34956
34934
34927
34925
34902
34888
34886
34884
34882
34862
34843
34816
34804
34799
34787
34780
34779
34756
34756
34753
34740
34738
34733
34718
34715
34709
34705
34702
34694
34689
34680
34676
34672
34657
34647
34623
34601
34596
34541
34535
34505
34504
34496
34476
34474
34473
34472
34471
34466
34426
34420
34411
34395
34392
34383
34359
34338
34333
34325
34307
34299
34294
34276
34270
34264
34245
34226
34225
34184
34180
34177
34167
34157
34153
34143
34140
34134
34111
34091
34078
34077
34070
34016
34013
34004
33980
33969
33965
33946
33945
33926
33907
33874
33872
33865
33857
33855
33823
33816
33810
33804
33803
33797
33796
33791
33790
33784
33783
33767
33766
33766
33747
33739
33735
33724
33709
33709
33693
33672
33665
33657
33648
33640
33638
33632
33625
33614
33611
33608
33607
33598
33597
33593
33582
33555
33544
33540
33521
33483
33472
33460
33452
33452
33442
33440
33439
33434
33424
33415
33407
33399
33390
33367
33349
33340
33332
33313
33304
33303
33300
33294
33291
33288
33278
33269
33247
33246
33237
33237
33236
33231
33228
33215
33208
33179
33157
33134
33134
33128
33107
33099
33097
33075
33070
33045
33028
33004
33000
32991
32981
32955
32931
32929
32925
32923
32903
32898
32892
32878
32877
32875
32861
32859
32852
32846
32840
32839
32824
32819
32802
32794
32788
32783
32772
32771
32768
32766
32762
32758
32756
32735
32718
32710
32704
32691
32684
32676
32674
32660
32648
32643
32642
32641
32640
32635
32624
32622
32608
32606
32575
32548
32542
32534
32533
32521
32496
32486
32478
32463
32437
32420
32402
32399
32382
32369
32368
32359
32357
32355
32346
32345
32334
32332
32332
32316
32315
32270
32266
32250
32247
32226
32222
32218
32217
32208
32201
32195
32185
32178
32174
32164
32145
32145
32145
32134
32127
32120
32116
32091
32080
32068
32065
32064
32034
32027
32013
31984
31975
31966
31964
31960
31951
31921
31911
31904
31903
31898
31892
31888
31880
31870
31843
31841
31840
31829
31823
31815
31802
31786
31782
31776
31766
31764
31755
31747
31736
31735
31724
31703
31701
31688
31657
31640
31631
31607
31604
31581
31577
31543
31527
31513
31510
31487
31484
31482
31481
31479
31473
31439
31434
31419
31409
31409
31403
31346
31335
31304
31281
31280
31279
31269
31262
31261
31231
31225
31198
31184
31183
31173
31164
31158
31146
31142
31134
31127
31096
31091
31081
31075
31073
31064
31041
31013
31003
30977
30957
30951
30933
30900
30888
30887
30886
30872
30867
30844
30836
30803
30802
30801
30794
30790
30781
30765
30758
30730
30724
30721
30720
30718
30701
30689
30677
30673
30669
30668
30636
30633
30618
30608
30604
30589
30584
30581
30554
30554
30554
30549
30546
30541
30532
30517
30503
30496
30489
30488
30479
30477
30477
30464
30456
30439
30428
30427
30364
30342
30334
30324
30320
30316
30315
30309
30306
30285
30281
30267
30266
30265
30265
30264
30245
30234
30208
30206
30165
30149
30139
30139
30138
30133
30131
30107
30104
30082
30081
30080
30071
30068
30049
30029
30019
30016
30014
29981
29973
29969
29957
29957
29937
29935
29919
29881
29877
29855
29798
29798
29795
29786
29782
29770
29759
29737
29731
29719
29712
29712
29711
29698
29695
29690
29690
29687
29683
29673
29669
29667
29649
29642
29607
29602
29590
29588
29577
29577
29573
29561
29556
29546
29515
29511
29503
29422
29420
29419
29417
29405
29401
29386
29381
29373
29372
29362
29354
29341
29280
29278
29278
29276
29267
29267
29245
29233
29232
29208
29207
29192
29184
29183
29182
29181
29178
29177
29167
29157
29154
29147
29146
29144
29141
29138
29137
29135
29134
29117
29116
29087
29083
29057
29044
29040
29025
29023
29000
28996
28989
28988
28961
28936
28930
28929
28921
28911
28899
28899
28888
28886
28882
28876
28870
28859
28858
28849
28841
28813
28806
28805
28800
28785
28776
28738
28737
28724
28706
28703
28689
28677
28672
28668
28663
28660
28650
28649
28631
28631
28630
28616
28595
28593
28581
28575
28560
28555
28548
28546
28520
28518
28506
28481
28474
28469
28454
28433
28425
28410
28409
28394
28378
28368
28336
28335
28320
28310
28307
28265
28265
28258
28255
28252
28251
28244
28243
28220
28204
28193
28175
28175
28169
28146
28139
28124
28116
28103
28090
28084
28080
28080
28073
28067
28066
28060
28053
28043
28040
28039
28011
27999
27999
27999
27995
27991
27986
27983
27982
27971
27946
27937
27936
27926
27914
27889
27885
27881
27880
27845
27841
27839
27838
27829
27820
27819
27813
27799
27798
27771
27751
27742
27728
27726
27700
27699
27696
27676
27664
27663
27652
27651
27648
27641
27610
27605
27603
27585
27578
27544
27543
27510
27503
27492
27445
27430
27415
27401
27395
27395
27391
27372
27366
27359
27359
27355
27346
27332
27328
27325
27294
27280
27264
27255
27254
27238
27235
27232
27220
27219
27212
27178
27169
27149
27134
27100
27087
27062
27047
27035
27033
27028
27026
27018
27009
27008
27007
26968
26962
26957
26954
26945
26942
26934
26934
26932
26924
26913
26901
26900
26896
26885
26863
26846
26833
26826
26817
26808
26795
26792
26780
26776
26740
26728
26716
26709
26697
26697
26691
26690
26688
26684
26682
26675
26651
26641
26640
26593
26586
26585
26576
26570
26562
26526
26512
26504
26485
26481
26462
26454
26438
26433
26433
26414
26410
26407
26390
26387
26375
26356
26348
26341
26332
26325
26317
26311
26310
26299
26236
26228
26226
26221
26205
26193
26188
26181
26178
26141
26135
26133
26111
26099
26098
26098
26089
26074
26074
26064
26061
26055
26049
25998
25989
25980
25966
25951
25941
25935
25931
25919
25916
25914
25883
25875
25851
25839
25834
25833
25833
25831
25799
25798
25794
25775
25766
25761
25759
25750
25741
25734
25724
25722
25715
25696
25694
25691
25690
25683
25680
25675
25671
25652
25646
25628
25624
25623
25618
25616
25615
25613
25612
25607
25603
25597
25596
25590
25577
25576
25548
25542
25527
25525
25518
25516
25510
25506
25498
25449
25419
25416
25398
25387
25368
25367
25344
25340
25324
25320
25307
25290
25278
25274
25271
25264
25224
25224
25219
25217
25210
25210
25202
25198
25179
25165
25154
25097
25095
25082
25078
25061
25050
25038
25034
25021
25012
25007
25006
25004
24992
24985
24980
24923
24894
24893
24885
24883
24878
24866
24855
24854
24848
24836
24829
24816
24803
24783
24777
24762
24757
24752
24751
24720
24716
24709
24708
24706
24692
24691
24688
24686
24662
24655
24645
24641
24630
24609
24595
24589
24579
24564
24554
24545
24522
24501
24498
24489
24488
24480
24472
24472
24470
24457
24450
24434
24430
24408
24408
24388
24370
24353
24351
24338
24336
24322
24319
24308
24297
24292
24287
24282
24279
24267
24254
24242
24220
24211
24197
24195
24188
24176
24167
24152
24152
24138
24124
24107
24093
24081
24059
24041
24005
23999
23993
23992
23990
23988
23984
23983
23978
23954
23951
23949
23948
23944
23932
23924
23922
23889
23865
23864
23860
23848
23814
23811
23810
23810
23802
23791
23791
23785
23783
23775
23772
23770
23745
23737
23734
23725
23706
23694
23680
23678
23676
23663
23662
23652
23646
23633
23633
23632
23631
23617
23617
23613
23612
23579
23578
23565
23524
23504
23501
23500
23485
23462
23427
23416
23391
23390
23387
23385
23383
23375
23366
23365
23363
23358
23346
23315
23308
23303
23295
23294
23292
23273
23270
23262
23262
23261
23260
23227
23224
23222
23219
23217
23201
23198
23197
23182
23178
23162
23154
23123
23119
23118
23108
23091
23084
23079
23060
23057
23055
23044
23015
22977
22977
22952
22946
22936
22924
22902
22901
22882
22876
22840
22839
22824
22821
22819
22816
22814
22813
22808
22781
22779
22778
22770
22753
22753
22722
22722
22706
22704
22667
22665
22663
22659
22654
22654
22615
22615
22585
22582
22575
22555
22548
22531
22518
22511
22509
22484
22483
22475
22458
22442
22442
22433
22426
22410
22408
22404
22395
22392
22392
22391
22384
22371
22368
22358
22355
22351
22350
22348
22331
22330
22322
22309
22305
22298
22290
22288
22272
22271
22233
22223
22222
22210
22205
22200
22188
22187
22186
22181
22177
22157
22136
22132
22121
22103
22079
22078
22064
22060
22054
22054
22033
22028
22026
22019
22012
22005
21981
21980
21970
21962
21954
21949
21938
21931
21924
21906
21903
21896
21885
21863
21854
21851
21850
21842
21839
21837
21827
21817
21815
21812
21777
21777
21763
21753
21751
21748
21725
21714
21713
21710
21701
21687
21669
21654
21651
21644
21639
21637
21633
21603
21576
21575
21564
21563
21556
21533
21524
21515
21514
21511
21509
21485
21473
21473
21469
21450
21429
21424
21412
21361
21358
21345
21338
21332
21332
21328
21319
21281
21279
21271
21269
21253
21243
21241
21239
21238
21226
21222
21216
21214
21204
21201
21195
21153
21143
21141
21138
21123
21112
21110
21103
21091
21083
21079
21065
21064
21057
20994
20977
20960
20947
20943
20939
20939
20928
20921
20909
20903
20902
20899
20897
20887
20876
20874
20870
20866
20864
20859
20856
20818
20810
20795
20779
20772
20768
20754
20749
20749
20749
20727
20719
20712
20710
20705
20704
20700
20690
20678
20670
20664
20660
20641
20613
20609
20594
20590
20582
20568
20563
20553
20551
20544
20541
20540
20533
20504
20495
20480
20478
20477
20476
20470
20458
20451
20449
20434
20426
20425
20416
20409
20398
20388
20375
20313
20303
20296
20289
20266
20252
20240
20238
20219
20213
20187
20181
20176
20172
20168
20154
20145
20130
20113
20094
20087
20078
20069
20067
20064
20034
20018
20017
20015
19992
19985
19945
19941
19930
19929
19925
19923
19921
19903
19903
19891
19864
19854
19843
19838
19832
19820
19818
19817
19816
19812
19809
19789
19788
19785
19778
19763
19761
19741
19723
19680
19649
19633
19632
19611
19611
19610
19608
19597
19591
19587
19581
19576
19520
19501
19498
19494
19490
19487
19481
19478
19476
19471
19468
19466
19464
19456
19456
19434
19422
19418
19415
19412
19406
19398
19395
19392
19379
19377
19374
19374
19357
19356
19354
19341
19335
19306
19296
19257
19253
19245
19242
19238
19217
19205
19195
19188
19186
19186
19172
19158
19112
19108
19076
19057
19038
19022
19015
18984
18977
18974
18970
18956
18948
18917
18905
18895
18894
18877
18876
18842
18841
18840
18836
18810
18808
18793
18784
18783
18782
18779
18759
18753
18743
18742
18718
18718
18712
18710
18694
18692
18686
18647
18640
18639
18623
18620
18605
18597
18584
18570
18569
18543
18537
18532
18527
18497
18496
18490
18486
18466
18465
18457
18454
18444
18441
18436
18433
18413
18407
18399
18397
18395
18393
18392
18388
18359
18354
18331
18307
18267
18257
18254
18252
18239
18217
18210
18208
18199
18196
18196
18194
18187
18186
18186
18177
18151
18143
18143
18138
18128
18107
18087
18076
18056
18044
18028
18026
18002
17988
17975
17960
17959
17957
17954
17954
17948
17948
17924
17911
17906
17889
17881
17863
17862
17805
17798
17796
17783
17763
17762
17758
17754
17748
17747
17741
17738
17736
17730
17707
17705
17704
17695
17681
17673
17670
17669
17654
17652
17644
17597
17593
17588
17578
17574
17564
17563
17561
17560
17534
17527
17523
17523
17521
17490
17489
17483
17482
17476
17453
17451
17449
17443
17425
17410
17381
17379
17365
17359
17357
17352
17348
17340
17320
17287
17286
17260
17244
17238
17237
17235
17234
17229
17224
17208
17207
17192
17187
17186
17181
17161
17153
17149
17140
17103
17092
17068
17062
17061
17060
17058
17042
17023
17022
17012
17007
16988
16984
16956
16953
16948
16907
16899
16898
16897
16891
16888
16873
16872
16868
16857
16848
16841
16835
16814
16813
16806
16780
16771
16771
16763
16711
16696
16693
16691
16662
16659
16639
16624
16614
16612
16610
16593
16593
16592
16582
16569
16560
16540
16540
16532
16529
16526
16517
16490
16464
16455
16453
16440
16426
16413
16412
16386
16382
16381
16375
16370
16367
16367
16354
16335
16332
16324
16285
16282
16253
16246
16231
16227
16208
16204
16194
16192
16189
16187
16173
16166
16156
16124
16099
16098
16057
16051
16046
16025
16015
15987
15985
15966
15956
15953
15951
15946
15934
15915
15903
15896
15875
15875
15870
15859
15854
15843
15836
15830
15821
15791
15771
15750
15747
15743
15704
15683
15679
15646
15645
15643
15635
15631
15627
15625
15620
15616
15609
15605
15595
15593
15572
15568
15567
15524
15520
15519
15518
15482
15479
15456
15437
15417
15403
15403
15384
15372
15356
15350
15337
15316
15312
15311
15311
15309
15293
15291
15284
15238
15224
15219
15208
15191
15162
15159
15156
15150
15133
15109
15107
15086
15077
15073
15071
15068
15065
15059
15059
15036
15031
15031
15023
15017
15009
15004
14999
14994
14986
14983
14965
14950
14948
14946
14939
14928
14924
14911
14900
14863
14856
14851
14851
14847
14838
14833
14821
14820
14814
14791
14751
14739
14728
14727
14724
14706
14694
14674
14672
14639
14618
14613
14598
14589
14578
14575
14574
14569
14567
14559
14543
14527
14493
14485
14473
14451
14450
14439
14436
14434
14428
14418
14417
14406
14392
14389
14384
14379
14369
14361
14335
14327
14324
14312
14307
14296
14284
14283
14283
14273
14269
14267
14262
14260
14254
14252
14250
14244
14241
14220
14213
14209
14151
14132
14127
14126
14121
14109
14103
14102
14100
14092
14084
14054
14023
14021
13993
13966
13961
13955
13947
13934
13919
13917
13912
13899
13893
13892
13885
13876
13847
13842
13840
13816
13810
13800
13796
13795
13774
13762
13757
13731
13725
13710
13691
13662
13661
13623
13594
13587
13578
13575
13566
13558
13551
13551
13543
13529
13525
13524
13522
13513
13512
13472
13470
13459
13396
13391
13371
13362
13347
13343
13324
13310
13306
13277
13274
13260
13259
13258
13254
13251
13237
13200
13195
13192
13181
13165
13164
13159
13157
13156
13138
13122
13114
13096
13091
13084
13084
13063
13051
13044
13043
13024
13022
13019
13010
13006
12997
12989
12983
12983
12971
12962
12957
12953
12949
12947
12944
12944
12940
12932
12928
12918
12915
12911
12899
12879
12874
12862
12862
12860
12839
12836
12809
12796
12777
12775
12774
12772
12767
12760
12758
12730
12697
12697
12694
12690
12685
12656
12647
12643
12641
12631
12628
12623
12589
12569
12563
12553
12552
12545
12544
12539
12538
12533
12530
12512
12510
12502
12498
12498
12495
12493
12472
12470
12463
12459
12458
12438
12433
12429
12413
12387
12381
12364
12358
12352
12333
12320
12273
12247
12233
12208
12201
12189
12177
12173
12168
12147
12133
12111
12101
12090
12089
12074
12056
12049
12043
12038
12034
12031
12028
12021
12019
12009
12002
12001
11993
11981
11979
11976
11972
11969
11935
11920
11909
11904
11888
11887
11856
11854
11851
11842
11837
11816
11772
11768
11756
11751
11736
11734
11730
11717
11713
11710
11702
11698
11697
11688
11684
11663
11633
11611
11592
11589
11573
11569
11561
11547
11545
11514
11510
11503
11500
11492
11471
11463
11453
11449
11444
11442
11439
11433
11432
11420
11420
11406
11379
11373
11358
11352
11348
11343
11330
11322
11319
11318
11315
11309
11305
11301
11294
11288
11287
11284
11269
11268
11259
11248
11238
11228
11215
11209
11198
11183
11181
11177
11172
11167
11158
11157
11139
11134
11118
11109
11096
11088
11073
11071
11068
11056
11051
11051
11051
11047
11045
11037
11022
11005
10996
10976
10971
10970
10966
10961
10932
10929
10926
10925
10920
10915
10909
10906
10898
10869
10864
10860
10856
10851
10835
10826
10826
10825
10815
10810
10809
10787
10784
10771
10764
10741
10729
10726
10723
10698
10693
10690
10685
10679
10677
10669
10669
10668
10668
10662
10654
10648
10646
10645
10605
10593
10591
10588
10586
10577
10548
10538
10533
10532
10507
10504
10482
10481
10481
10478
10445
10402
10401
10354
10346
10346
10335
10334
10307
10295
10287
10283
10279
10257
10256
10233
10230
10200
10191
10184
10179
10167
10133
10110
10102
10100
10100
10097
10067
10058
10057
10054
10042
10023
10006
9993
9993
9971
9956
9953
9942
9905
9900
9899
9889
9883
9875
9857
9825
9813
9806
9797
9794
9778
9738
9737
9725
9723
9703
9685
9684
9672
9662
9660
9643
9634
9620
9605
9585
9583
9582
9576
9572
9556
9534
9533
9532
9485
9482
9465
9456
9435
9398
9382
9375
9373
9321
9293
9276
9273
9265
9260
9248
9241
9218
9216
9212
9204
9196
9181
9172
9172
9158
9150
9145
9127
9123
9107
9104
9091
9074
9071
9067
9066
9048
9046
9034
9029
9029
9013
9010
9008
9002
8999
8999
8991
8966
8965
8950
8949
8942
8926
8919
8912
8912
8901
8881
8878
8865
8853
8829
8801
8795
8787
8782
8771
8757
8727
8726
8722
8704
8699
8699
8693
8676
8668
8664
8657
8653
8649
8645
8639
8627
8627
8623
8619
8617
8614
8592
8586
8566
8566
8540
8531
8527
8521
8489
8488
8483
8477
8471
8460
8450
8421
8419
8407
8392
8390
8385
8374
8370
8356
8348
8338
8334
8320
8315
8310
8285
8284
8282
8282
8280
8272
8259
8216
8214
8186
8173
8172
8165
8154
8151
8150
8144
8141
8138
8136
8130
8127
8126
8124
8083
8067
8052
8041
8036
8034
8007
7996
7993
7992
7972
7968
7962
7955
7948
7944
7912
7907
7886
7866
7856
7843
7837
7835
7811
7787
7779
7775
7733
7725
7723
7722
7692
7689
7679
7659
7659
7641
7640
7636
7633
7613
7588
7587
7586
7578
7557
7556
7541
7538
7533
7521
7514
7513
7499
7487
7483
7473
7452
7448
7415
7412
7401
7395
7394
7391
7389
7389
7370
7333
7330
7327
7322
7311
7304
7280
7272
7267
7259
7257
7253
7241
7229
7223
7213
7210
7200
7172
7158
7137
7137
7130
7122
7119
7113
7108
7099
7083
7066
7056
7047
7044
7025
7022
7015
6998
6992
6986
6984
6967
6967
6945
6882
6865
6861
6859
6858
6830
6800
6793
6792
6782
6773
6718
6714
6701
6699
6691
6681
6680
6670
6649
6636
6617
6616
6607
6599
6592
6591
6591
6579
6574
6564
6529
6527
6526
6519
6506
6490
6484
6443
6443
6442
6439
6432
6432
6431
6408
6405
6391
6386
6378
6373
6371
6350
6342
6340
6331
6327
6306
6298
6290
6276
6256
6243
6237
6220
6211
6199
6197
6191
6176
6174
6155
6149
6141
6134
6129
6112
6111
6086
6066
6060
6057
6051
6046
6038
6013
6010
6006
5997
5978
5936
5931
5922
5918
5910
5891
5874
5870
5869
5867
5855
5847
5836
5822
5822
5822
5804
5791
5787
5787
5782
5776
5775
5774
5772
5747
5724
5717
5703
5700
5697
5692
5651
5650
5648
5636
5628
5620
5609
5606
5592
5585
5583
5577
5570
5559
5552
5550
5543
5528
5528
5522
5497
5487
5446
5443
5430
5430
5420
5411
5392
5380
5342
5337
5323
5322
5311
5306
5302
5294
5284
5280
5278
5277
5267
5266
5258
5255
5228
5228
5222
5220
5201
5158
5151
5147
5127
5126
5120
5114
5113
5085
5082
5066
5062
5047
5022
5015
4994
4970
4965
4962
4956
4949
4938
4921
4916
4889
4887
4860
4857
4821
4815
4815
4803
4793
4762
4752
4747
4731
4729
4717
4716
4681
4681
4678
4671
4665
4660
4623
4619
4614
4611
4592
4578
4575
4574
4569
4568
4553
4547
4537
4532
4530
4521
4519
4519
4505
4491
4474
4470
4445
4445
4437
4434
4432
4431
4418
4416
4412
4352
4350
4342
4334
4331
4329
4315
4297
4270
4263
4259
4258
4254
4242
4240
4230
4221
4219
4185
4168
4162
4161
4154
4135
4123
4116
4094
4090
4044
4020
4014
3990
3990
3970
3945
3939
3930
3924
3912
3906
3906
3905
3901
3896
3895
3876
3854
3852
3822
3803
3797
3790
3788
3772
3765
3760
3730
3725
3720
3717
3704
3703
3696
3696
3646
3615
3605
3596
3595
3548
3542
3535
3526
3499
3498
3477
3474
3471
3456
3449
3436
3426
3423
3418
3404
3396
3390
3388
3358
3348
3341
3339
3327
3315
3314
3313
3313
3310
3303
3303
3291
3288
3282
3278
3273
3267
3248
3247
3243
3214
3206
3195
3190
3187
3182
3160
3160
3141
3121
3121
3120
3115
3112
3099
3093
3089
3075
3059
3051
3046
3039
3035
3023
3018
3006
2994
2986
2985
2985
2983
2971
2963
2937
2906
2901
2892
2855
2850
2843
2841
2830
2826
2813
2800
2799
2794
2793
2788
2783
2780
2773
2772
2770
2755
2752
2752
2751
2751
2726
2726
2708
2705
2695
2674
2648
2627
2626
2619
2603
2602
2601
2594
2591
2581
2561
2557
2542
2540
2534
2526
2504
2489
2456
2446
2411
2387
2379
2374
2365
2355
2351
2343
2341
2339
2326
2316
2315
2314
2262
2258
2246
2242
2229
2222
2218
2201
2200
2178
2165
2144
2142
2139
2125
2115
2111
2105
2096
2062
2062
2056
2055
2052
2040
2037
2026
2018
1985
1983
1971
1933
1905
1887
1881
1854
1850
1823
1797
1795
1763
1721
1710
1678
1662
1636
1632
1587
1582
1565
1565
1564
1557
1543
1542
1524
1520
1504
1482
1480
1480
1462
1459
1456
1439
1430
1421
1415
1405
1400
1399
1397
1343
1334
1291
1280
1253
1246
1244
1243
1217
1212
1205
1202
1187
1186
1182
1182
1164
1159
1146
1121
1107
1102
1085
1078
1072
1065
1057
1056
1034
1033
1024
1021
1016
994
981
980
974
964
958
947
943
927
925
913
911
904
904
900
887
882
879
878
861
854
828
801
788
784
779
775
765
760
748
736
703
700
696
687
686
682
681
680
637
634
630
619
615
590
581
569
552
542
533
531
517
515
506
502
495
493
492
487
486
476
474
461
440
423
412
390
372
356
333
326
320
317
304
284
230
226
204
195
170
165
142
131
126
121
116
109
104
103
101
87
73
71
67
66
55
43
18
14
8
4
1
