1642
23
1289
3738
4320
3743
534
4021
2267
103
2932
4485
2058
4582
830
1384
4818
279
3467
1588
1750
779
1194
1789
347
703
1986
3630
4631
4933
4141
2007
1942
2125
2021
883
751
3282
2137
2713
144
3429
3072
4853
4546
4579
1450
3636
1923
1095
1983
2559
893
4998
3784
3697
3134
10
4554
706
4228
2840
4392
3786
3352
375
2573
2470
302
721
1677
360
252
4652
1252
628
364
4758
4740
4658
1009
145
4881
3769
1594
104
3969
3463
2472
3977
4715
2616
4255
274
2069
2042
203
1900
1996
2576
4088
1398
724
2740
2178
161
4496
4230
1669
4405
1688
4041
1436
1929
2231
3087
2253
4734
1237
1219
1136
1654
4776
675
607
2191
21
4826
3895
4151
4981
3996
813
2395
3870
826
3360
4520
2627
4565
2006
1542
1886
3012
1070
4467
339
4958
1529
3957
2475
3264
4708
443
505
3433
1396
323
3675
3932
4937
3416
2060
4218
2474
1175
668
788
2243
812
386
3739
2809
802
3812
3632
4733
1464
3245
4995
4215
3133
4785
211
958
573
2143
4770
665
2516
2422
1425
1314
579
3482
4870
294
2015
907
569
2480
4685
4676
1248
141
44
125
805
2957
471
4845
396
1725
1882
1519
1937
4341
3345
1639
400
168
4769
1090
1739
1439
862
2638
4194
1850
3603
1325
438
1418
4350
714
1254
3110
385
655
3398
3465
2835
1159
1324
2121
3265
324
581
1399
2169
1651
3742
4598
1829
2271
512
2620
2651
1320
3631
394
2064
2676
368
3064
4512
3745
2797
2491
4372
3754
2719
1837
3415
2436
694
1466
459
3525
936
2661
2469
1099
2716
2875
41
2830
4474
349
1538
2150
1932
3657
271
3395
3405
4746
4604
2572
756
3046
4774
1757
4939
475
4875
479
2854
2771
1388
4865
3741
2221
1526
4973
2027
4000
205
3402
310
4601
3095
959
4763
282
4204
2656
2872
1928
4698
3006
2138
2996
4092
2406
2254
1602
773
1552
3383
1270
4889
4259
2145
3217
1814
1541
627
199
4314
356
1193
4515
1359
732
4336
950
1003
2972
552
1716
3166
3372
3001
1856
4583
468
4536
940
1880
4441
2768
4133
849
1530
842
3014
457
2
3423
1063
2183
1077
3617
136
2539
4274
4647
2535
2202
4093
1673
283
4471
922
4605
2739
4422
2664
3681
1004
2976
957
2219
139
1618
6
4070
3054
2906
4022
3238
1633
2961
3942
1306
1331
3083
1968
2454
1102
2179
4497
3974
980
2038
1161
3785
3080
736
58
2157
311
152
908
2147
2040
1307
2103
1834
1726
4047
1648
3375
2003
4872
2496
3824
402
3159
1680
3628
1949
1209
3043
4323
2594
820
121
4524
1189
167
3837
2090
3195
879
3855
2447
726
3829
4373
1155
1811
4567
1333
4783
1390
4910
1966
4130
1338
2761
4281
2741
2206
2364
4125
329
3364
3350
3613
503
1287
3604
4292
3185
3781
248
1558
1557
1375
2637
3987
4398
2030
3329
1288
148
1376
2485
3859
3544
4993
436
1100
677
4739
216
287
1571
2462
1134
1582
1769
1891
1379
3637
1640
343
985
2127
1768
3270
4109
2986
1150
1295
3751
4654
576
1507
2114
4943
935
3478
3611
2035
1267
763
3439
3109
4660
4967
2008
1608
357
2366
3293
2520
1088
1074
3956
29
4503
3648
183
1556
3693
2763
2276
3149
3256
142
1160
766
2163
1585
659
431
800
1047
2789
2978
1319
1895
3993
3505
1059
4257
1061
3582
2337
928
538
4057
3336
3258
2675
4442
3488
1658
778
4718
135
204
2521
1995
1442
4127
2113
1312
3903
3759
3311
2580
2463
492
3247
3294
2999
4954
621
537
1117
2983
1171
1531
1002
2024
3583
1080
2907
3211
432
3776
542
572
2805
3165
4580
3301
1794
3965
379
3005
3278
491
4346
4429
2353
3643
2860
510
158
1022
344
4822
2301
2228
2997
4804
4727
1204
1208
4431
4357
1984
1605
1959
2540
4224
4246
3923
4167
1169
3190
498
1343
57
3556
4480
670
444
1806
4944
4008
2455
2350
2697
2575
4767
2363
1775
3391
169
2196
2053
2247
3243
1858
298
3506
4706
4286
3871
2210
633
4354
267
1919
3832
2011
163
2776
32
1943
4674
3588
1617
4952
1539
3288
3152
855
1094
3576
2082
3077
2728
4839
1564
4543
4118
838
4396
4850
1350
3437
966
4979
100
3854
411
4902
1024
2151
1344
4400
4100
2608
3274
2770
2980
3730
1096
1168
2161
3568
3698
1486
3717
4855
1206
2684
3257
1613
2149
2025
4123
2555
540
4007
4267
3529
4343
1277
2991
4221
45
713
2459
2164
4531
2166
1067
2742
2908
894
3915
1622
2504
4469
3058
1659
2851
4688
1914
3818
4693
4188
3182
2621
1944
853
2396
4460
523
1987
4271
4278
4155
2845
890
564
4069
3090
1872
4024
949
2017
943
2611
993
1917
4087
1166
1187
1841
3479
2738
4871
1783
3481
194
1458
374
1044
4578
4355
4443
799
2112
4502
2548
4034
3314
3518
1062
3979
2062
2492
153
4085
2689
808
4653
4378
3850
3229
2376
1148
4572
3983
4932
2529
4878
4
4977
3392
159
4356
446
4753
2780
3142
4819
2933
4948
481
2262
4198
3857
3003
2187
4359
654
4238
185
897
2544
1108
2708
2388
2437
288
852
3708
3868
4612
3455
469
3231
1326
914
519
2421
3384
3649
3999
1336
1910
520
312
684
4862
1745
651
224
3390
4791
4029
4558
4645
452
2098
3277
486
671
3876
1915
3425
757
2236
3689
1609
1853
398
3958
1969
212
3849
4183
4919
131
251
785
116
275
2960
1573
1957
4975
1421
3949
81
3705
4179
4449
4270
264
4387
3946
702
4803
3444
2706
1299
1825
3334
101
2935
1341
177
3875
14
3968
3790
3546
1476
2106
3279
3321
2129
4607
2888
3567
2264
4643
4526
4856
3146
2498
3980
4491
1717
3602
1764
3266
4679
2571
4120
4830
2359
3765
1822
589
2511
4160
1548
4846
1461
708
3389
4630
4651
1036
4062
1559
1372
3104
4078
860
46
845
3545
3025
3651
3041
3011
584
3009
605
2051
527
868
3349
3399
3634
3422
851
2766
2777
97
2759
1265
3186
4242
1583
1014
4722
1087
4773
4420
682
387
193
3527
4809
4489
1935
2878
4709
1037
1033
1604
1948
1387
143
3354
4163
2625
1214
3981
4192
3393
2009
4825
2358
3725
2140
1697
201
4358
3101
4139
2862
3943
2318
4569
2847
2923
832
4205
4253
2165
4156
4821
2553
4586
413
1713
2857
4096
4450
3866
1210
419
4064
3315
448
816
4523
4418
4926
1052
1371
1999
2790
3528
1480
4966
242
1484
3013
2410
3797
4121
1623
622
704
1831
1855
473
175
921
296
1820
270
4506
1490
3201
4861
1250
3308
3468
2819
4904
4150
2699
1431
3000
3716
1657
3814
4814
2985
2000
1186
2732
2316
2160
3710
4063
1522
866
4040
716
1006
1459
1674
306
4345
3292
2552
470
3489
1488
5
4025
3555
3579
485
1656
4971
3645
3606
2910
4697
3024
2367
1068
1501
942
2550
4294
560
2672
4161
4248
4293
114
3494
3111
415
4731
3516
2595
490
3709
1700
3578
3374
3684
2973
2524
353
2663
2497
2884
1293
1731
1580
3234
1334
1998
4185
1001
2850
998
2296
3883
210
837
3341
3587
2655
3033
1621
913
240
2402
586
4184
401
3966
964
4045
3543
637
1991
3861
2331
77
1740
1198
4417
115
3736
2889
749
4344
1034
4170
2748
629
1348
2924
4921
2222
2674
1860
672
2838
3690
2551
260
1579
2351
4705
2606
245
4306
1021
4099
2031
2392
2172
228
4461
2266
4463
67
3139
3246
3571
2605
3172
2229
687
4308
1989
1429
1833
4860
3299
3902
2589
3168
4302
2582
2427
1631
2786
1149
1720
2653
4168
165
4182
2054
3884
1645
768
1154
4659
3623
2636
4868
268
515
2300
4914
3368
4519
417
562
3358
876
3378
2197
3539
2156
810
2925
1979
3796
1955
3678
3193
1778
1043
2004
818
2737
1025
4300
1020
1276
817
4264
2955
4375
3498
4912
759
2814
307
1130
3752
3223
4576
4992
1311
856
712
772
4147
4642
3435
2700
1808
2811
1274
3036
4186
3198
4670
4225
3553
1593
3202
1266
3937
160
3207
978
3677
585
4108
2418
3447
4263
1414
2085
4918
4486
363
2564
350
4173
1774
1925
3045
2758
4380
2105
1754
2640
1692
3892
1524
825
875
792
535
3105
909
1630
710
2665
1472
4349
4454
188
1373
1664
1360
435
3908
1444
3601
3184
4518
2534
4169
4672
373
4438
4782
3261
2297
2849
1057
4874
804
3788
4339
1626
2518
2852
2348
174
4990
4725
2773
3633
795
4177
2865
4256
2368
669
952
3763
657
2641
1684
1607
2238
1216
2291
4882
3719
1514
858
2939
1828
4529
1362
106
547
3409
2431
3713
4196
2752
3650
2515
4514
4291
3922
414
2305
2642
1411
3400
4666
3204
1852
1109
4038
2298
2825
3881
2095
2578
635
3500
1437
1447
2566
4726
619
4729
796
2965
4798
1064
2080
2861
2927
3724
3291
1182
1479
3254
3295
1284
4311
2743
182
1046
4896
1741
2439
2048
4571
3654
3380
1313
1956
1165
3860
1030
4262
320
770
326
3559
3635
4269
2044
4618
2077
561
4641
2919
2227
2070
3766
3499
2225
3015
463
4639
3748
938
4301
2731
3427
3992
2352
962
2614
3746
424
3554
1707
530
4005
2990
831
789
2724
1152
529
4051
54
2549
4258
1107
541
3215
1646
3051
1876
4081
3187
3699
3686
1173
3331
3856
3805
1146
965
13
1988
3898
3404
3909
4538
514
3865
2751
140
1534
754
2233
968
2953
1703
4124
69
1147
3960
213
4006
3085
1072
1089
4287
408
2749
2325
814
4464
2799
2440
3273
4199
30
2788
4644
4136
3762
2829
4265
3276
975
3157
2336
961
3453
2477
3232
4551
3065
558
2855
1281
122
4620
3933
4595
3758
8
1859
3572
2171
4106
999
2081
847
2565
4649
1440
1443
422
4193
3612
186
660
3158
3271
598
2916
2249
2089
3034
3501
1562
4229
4887
3225
1258
3625
839
1566
4924
2725
2417
4542
3056
600
1234
1282
4615
3436
661
1244
4636
884
4065
2345
1699
587
2281
1776
2816
4665
4217
3162
588
229
2936
1303
3361
3079
3177
2362
2204
1951
227
3712
1327
483
2530
89
1054
39
4742
1
3340
2010
258
1974
4452
1082
441
2111
3747
3671
2413
1455
3580
1483
638
840
867
265
2730
3914
64
1972
3670
719
99
1877
127
3344
1922
1797
1400
933
1452
3978
1903
3524
26
4972
134
632
4788
705
1954
2055
155
389
4590
4232
234
1866
218
2365
4458
291
2014
2503
1689
4614
2199
1172
1143
2634
1737
4082
4181
289
1581
1395
3701
2543
2977
2302
2929
1791
3312
1224
3432
2148
4840
1255
4970
63
577
1766
1286
3589
626
1377
4517
1679
297
4934
1933
4711
388
3507
4309
3864
997
87
2998
758
1528
5000
1253
1157
4834
1351
3164
2126
1772
4633
518
2432
4656
3869
2256
1445
500
2184
1796
84
2075
750
4206
1247
4951
2920
2046
582
1978
4575
1239
2072
2441
2798
3772
2846
1256
1660
319
4648
989
430
3828
454
421
3986
1512
4765
1138
1883
3420
366
2915
439
2176
4159
1118
4488
3442
4326
4891
3842
567
583
2239
4014
4978
2257
2967
118
4987
2383
4680
3564
3665
3936
2200
3778
4272
3959
1816
4683
254
1317
4600
1449
1930
2791
3426
2370
2512
4432
824
1961
2043
1010
4019
1481
3514
4404
872
1945
2648
1578
420
891
4778
4455
358
3342
4113
2214
2468
3550
1873
3541
3734
4657
931
4728
2382
3496
3667
1269
1798
120
4901
2495
2612
787
4154
187
4134
4752
2659
2837
4797
1227
4395
4662
4673
3755
4288
2433
3284
662
2131
557
2289
372
4389
2881
2389
982
1994
4836
1017
623
4611
986
2177
1921
2863
681
1496
1708
4552
549
1495
301
3394
3761
4436
951
1323
1732
811
3944
4848
1665
1019
3061
1889
456
4477
869
2356
4231
1346
3862
2218
697
290
453
2101
1180
493
4377
977
281
1397
1499
777
2755
1629
197
1144
1230
1420
2317
608
1543
4941
3569
200
3540
2647
4893
3067
1264
342
2478
72
2691
2873
2207
3811
1236
2330
3221
3227
88
3815
2283
3459
3076
1278
2818
4593
1728
1358
3732
3357
4668
1844
4964
405
960
3926
4030
1568
4799
4487
3179
3367
1624
1786
3403
1203
3346
918
4606
1197
217
3366
1510
1394
1446
3474
2500
2975
1228
2807
3491
2710
2754
1641
2182
3835
3280
4462
536
4077
3574
2023
3963
2188
1347
3320
889
613
16
4703
3512
1752
4425
495
2467
1667
4667
4475
747
3118
2295
2541
695
1322
905
3905
2107
509
2217
3082
1706
2557
575
4421
1260
1518
3150
2569
3917
1212
3995
1071
3802
1976
3511
3517
2155
2619
2411
230
3704
2746
4437
3848
1233
2622
2635
983
4974
244
2278
4700
4285
3726
407
3598
2652
4650
4556
4957
2918
765
4756
4925
1401
953
170
4671
4707
2834
887
3536
4393
3239
4537
3658
2466
4920
3538
1890
3102
4061
2067
2718
4747
521
2329
3753
2591
553
4599
1787
1817
1363
1779
4959
2802
4144
554
2968
1183
2658
73
3449
1846
2284
4351
3744
692
1520
1540
2720
1742
3305
4117
1013
2279
602
2319
403
1812
2251
1572
3413
2412
592
2950
631
1569
2374
2502
20
4433
3235
4541
378
2323
4149
2954
2714
3161
1215
4036
1038
3711
3088
1749
4720
377
4501
809
3626
1470
3502
1225
3515
4111
2026
2711
3073
2821
2531
3057
261
3878
3411
1931
250
1845
1815
3593
440
4895
4424
1909
2244
4955
4220
1560
1835
4310
4802
1328
458
4283
4713
4046
309
1366
3920
685
34
109
4570
4962
4886
3098
50
1690
1924
970
3307
4237
3970
3510
1091
3371
4559
2115
4059
507
2866
2853
1661
1805
4234
4796
4568
4838
1116
2013
433
4562
3480
4391
2159
3242
899
22
578
4060
2304
895
3777
828
2678
3406
563
823
2272
171
3532
3885
2709
3084
4894
3117
548
864
4504
2386
4055
3607
1113
4457
1041
3032
1970
1625
1427
4909
3597
2372
1213
2964
2181
3485
948
1222
4072
325
3976
2063
362
3823
337
2970
2947
2073
3679
2556
2993
1111
293
318
348
2632
882
4410
3106
609
1908
2493
3114
3985
686
280
3408
247
2299
24
4252
1574
2747
2666
1920
3381
1103
3858
1967
2952
1251
105
4482
3629
1810
2033
2403
2893
1119
3931
1536
1985
173
233
4664
815
4721
1748
1615
2130
4381
181
4213
4492
1361
1782
4613
482
4917
3997
771
3038
2116
1416
2979
1906
924
1238
2723
2823
4938
4260
829
3008
3798
1192
1141
4508
3595
3262
1863
4223
2265
3240
2246
733
4832
1352
1620
4498
126
707
4560
4528
2270
3904
1701
551
4331
3669
2794
1662
132
517
1263
380
4401
3060
3913
2715
2263
4280
3780
4332
2806
4371
156
98
1836
1990
974
340
2220
4547
445
1406
1785
3222
4071
4521
2306
2208
1085
3287
3685
1296
1435
2945
3547
2245
3347
676
1821
1374
776
3962
3401
303
550
1905
4411
2312
1434
4352
930
2593
526
1601
4107
1339
4439
3627
4628
903
1694
2405
477
4277
4104
1963
2419
4525
333
2223
4330
1498
1946
2201
4772
1918
1462
4686
1767
2415
92
783
2045
565
3026
4451
742
3317
427
2093
4594
4876
3682
2989
2144
4976
4068
1178
4626
2226
827
3309
3113
2781
3055
4724
4723
645
620
4325
3355
15
2482
4365
699
207
3068
984
4202
1938
4616
2917
3417
1551
3924
3096
2895
4864
1590
480
1259
1196
4131
1980
4084
4334
2880
2076
556
1612
102
4827
2946
124
2240
3537
4203
2756
4557
1201
3565
4195
2428
1953
1567
3831
3452
4748
4189
1952
1807
4928
462
1517
2341
3208
1315
1318
4226
2668
4903
2142
737
2408
2721
1485
3727
12
3094
1587
4759
18
2547
1804
926
1724
2645
2349
3740
2290
2815
3376
2286
3523
4074
3813
1268
1916
2567
4440
2397
4831
4929
634
4026
524
37
1554
3646
4516
1368
2951
2307
1145
1125
641
2380
2579
3062
238
2629
3809
1066
4261
2360
365
138
2450
4960
4602
4338
60
2876
1069
2282
3143
2624
2867
4627
2891
2896
1122
451
2778
2501
4249
3269
1120
455
4695
3093
497
4754
4702
4212
1430
3655
525
149
1765
2211
3998
2481
4922
3018
3140
2104
4366
4210
4031
1221
954
2526
40
3421
1730
630
2162
1153
3566
4741
3624
3461
2909
90
4180
1291
4413
2494
3194
1508
4414
861
4588
36
4608
947
1738
502
476
646
881
4923
4817
4936
2448
4361
2285
28
4527
4317
4289
4775
3226
3121
425
351
4490
2760
4806
3237
2369
3661
3302
2193
1913
1851
1365
1207
4279
3365
369
2510
2261
1220
2384
2489
4304
4867
2324
1389
3577
996
3691
2499
4453
2885
4884
2456
3521
1205
2269
209
1018
2338
3891
4737
2859
1285
3934
3800
3259
1185
2871
3191
1561
4276
4171
3023
3160
4507
3676
1357
4996
2839
4717
355
1611
1412
3379
4166
4786
180
3683
2414
1257
3845
2339
1199
1516
4023
717
3508
2982
689
3205
4430
3228
1555
284
2320
219
3100
1509
2446
3086
1093
1137
1391
2590
3561
4699
2110
2133
4244
1045
3973
178
1600
3609
1553
3382
3267
484
2340
1902
2119
1958
1865
1367
4859
3791
2250
2897
2598
3954
1771
901
1733
190
4382
2844
786
934
3652
4162
995
86
184
371
1012
488
4534
2942
3434
108
4243
1927
4003
981
472
4379
2633
2921
2094
3272
3097
442
1982
892
1467
915
2268
3438
1802
1474
1532
4963
2607
3424
354
4384
604
4690
412
2334
3827
3053
4216
4760
3897
2643
2995
2600
55
1861
2313
4561
3148
1097
871
2705
2513
1158
3188
1112
3318
1878
2483
4164
2843
2966
688
1381
3359
1424
1711
1092
1489
4004
3799
3155
3644
715
2146
859
4869
4143
3337
4157
3286
1888
3029
1563
292
78
3551
4222
3585
3984
4348
3504
4811
3830
4390
4459
4012
2303
711
1329
729
2775
3972
76
979
2690
1584
3843
3910
4587
4175
1686
1523
3950
4017
1382
4999
1675
3497
4577
2646
3620
806
1482
3662
79
4824
3373
2692
3896
278
4841
1188
649
2864
2420
4190
3728
2476
2904
416
4076
3441
1849
1773
2679
2562
4794
3326
2956
4187
3663
2681
760
2034
2783
3304
650
775
1759
911
3397
1229
3749
3820
4906
2583
1901
658
4126
4684
3153
1770
2938
151
912
4935
2558
4397
3666
4812
3930
2091
2378
2542
741
1762
1719
701
3145
4622
4762
335
2158
4550
610
3319
4435
1441
3694
1127
3610
4805
266
2913
2682
4129
4816
944
3343
1575
4677
56
2874
2050
1616
2248
4899
902
2931
80
4883
3530
1123
3209
4719
2883
2784
1743
3793
2086
3838
2354
3887
3119
2969
162
1591
4732
4128
1433
4165
2139
580
1300
1342
196
1191
147
2416
1634
1763
4101
2941
3387
1131
3123
1635
381
532
3418
955
4663
4002
1729
2453
723
4383
1736
4427
2028
4793
2671
1746
2654
2088
2292
4313
2585
150
1926
3141
2901
722
3289
1460
1506
4965
2442
2215
4089
4555
4315
4617
2702
3456
531
2347
3706
2779
3821
1039
2047
738
1056
1603
1355
4505
2698
1685
3586
2937
4522
3216
137
730
4297
4408
3075
4771
1232
3519
4296
762
3167
259
31
3867
2537
3771
4761
1655
3947
1971
113
4540
3879
2479
2782
4211
2020
314
797
906
51
976
198
3668
3575
929
4098
3248
4947
1867
3300
2136
1760
1668
725
568
2890
1298
2911
2670
2460
1702
1124
2216
3616
399
2213
111
4295
1156
1451
4412
4500
4367
3737
2610
1533
2429
2423
2170
3817
735
746
2377
338
2712
2563
1032
748
3210
4980
1678
1879
1184
4245
3953
3599
570
3135
3353
487
2631
2810
683
202
499
2570
1301
3928
4275
2390
2399
3251
3120
900
793
2726
1795
4738
1026
2052
4035
317
1283
696
91
3750
3907
987
4712
731
4138
4701
3233
465
2430
698
157
336
4621
1469
243
3929
3137
2900
236
2311
4337
25
2328
1897
874
3236
4152
2117
1031
4694
1272
4039
4016
4227
4885
2391
4940
1936
4335
2532
3103
3773
803
835
667
3322
1405
718
3795
2894
939
3213
2693
1550
2525
3935
1521
3486
3037
4563
4989
1280
591
2902
2649
96
3826
3834
4530
1275
1650
917
3129
3290
1114
1788
426
4465
2398
3040
3560
3324
700
3948
47
2603
2734
2109
2820
4735
4347
3590
1887
2168
3803
3171
1393
734
2100
4079
189
971
4873
2613
2514
2800
19
2400
1592
4329
2560
3180
460
4624
2174
1727
4239
1049
606
3203
3252
3619
3723
4744
1246
4548
2930
3660
2451
1140
4549
1385
3419
4273
4835
1899
4241
3912
273
3714
3138
2471
3323
4837
1179
496
489
2049
1503
2443
2195
2959
1721
1354
2381
3250
2124
1129
2836
2795
83
3731
2079
4566
1854
2519
640
4233
4050
1619
4415
2123
3325
2186
3181
4407
1487
3285
2154
2695
1884
2817
2733
4423
1011
2808
2856
2831
1202
720
1050
2032
391
4820
3659
3306
3549
2792
1211
2435
4409
2084
2464
873
1261
4749
4858
3863
4290
2680
3039
2373
1907
285
308
2687
1081
513
2561
1104
2335
2012
2344
2409
3562
3477
3471
1827
3807
850
4028
3783
4661
1644
3047
4200
910
1423
3396
1610
2234
3454
1132
4930
1332
1885
215
1857
2507
3656
1803
3522
3128
1502
4779
2293
494
2252
2379
4585
1478
4140
1170
1947
2275
2660
3330
4112
3450
2644
1565
3443
4596
4494
1505
3255
1413
3621
4535
4444
1053
172
4843
3214
395
1448
3363
1428
1330
3888
4448
2803
1950
3173
3021
1005
4807
545
4027
4360
1638
4764
4833
2796
1477
4049
1249
299
1177
4476
4394
3641
4153
2577
4208
3169
1349
4083
4736
3156
3945
4282
4638
1106
2394
2190
3779
2528
1843
1599
664
1163
4201
2599
2744
2194
2757
4053
3573
3197
1824
1218
2434
286
4916
1076
3475
801
1671
2584
4483
647
4473
4637
4388
1647
3767
2677
3030
963
4710
590
315
863
2707
1848
3431
1663
1404
1492
2586
643
2554
3847
2974
4829
1875
1636
1652
4132
2618
1826
1133
3020
1083
2152
1176
2988
1078
4172
3414
2404
2736
85
464
653
2029
3841
2899
1549
1793
2905
4927
3782
3017
352
1714
3199
2056
2703
474
3592
3918
4362
2673
4879
467
3526
3081
4908
2764
506
2393
3939
566
1893
38
1818
2457
4994
1410
4097
4790
1164
1309
4828
1494
305
2065
2273
3882
3640
128
739
1468
1407
110
1457
1862
3460
2813
3362
447
4236
4054
4370
973
937
1840
761
3570
3078
927
4322
3004
1493
3591
3614
4268
2310
727
3
3275
2886
1055
392
1653
2132
693
3377
4857
3333
3335
82
1242
3147
3975
1243
27
2438
2059
4968
2940
4900
1402
4324
1869
3594
3369
2224
574
2701
322
1245
780
410
191
896
1842
2735
62
1598
678
3031
4716
3002
4010
2509
1981
611
4250
1432
1151
4755
3894
3951
3446
3470
504
4544
4509
1813
2005
4066
4015
3886
262
223
969
1698
4854
2092
1075
1415
4428
2288
1666
1894
2928
2827
1231
4619
593
461
4178
946
2287
3151
2484
3989
501
3224
1101
2581
1709
3091
2355
4445
49
295
2490
4842
1683
2602
3608
409
3721
533
390
2994
4321
1200
612
3756
4945
2212
1294
2914
341
3028
1042
327
841
3707
4780
3991
3810
1471
3348
3490
2445
1513
220
1597
1941
2869
2473
65
644
3144
2971
3513
4011
1896
925
3063
3703
272
1028
2505
2314
1960
2258
728
674
1335
680
3833
3674
3990
1881
603
2357
4434
404
2022
3988
1073
1628
2628
222
1681
784
1892
2461
1181
2120
539
511
1756
256
3964
1142
3893
2868
2232
4813
330
1195
2669
2523
2774
2108
2078
206
3764
300
1035
4810
3356
1271
2948
559
4781
2180
4511
2326
269
4682
3125
4299
624
848
3557
1577
2327
304
3901
3672
4949
4787
1904
2061
1392
4142
877
3874
4609
4946
2074
1819
376
3872
2630
3840
94
1051
2401
4174
822
755
3792
2128
2912
17
2729
43
1838
2617
1217
2922
3596
3206
2765
2601
2361
321
3183
769
1912
4312
3458
1353
3241
3495
774
3647
1718
3473
74
3531
3230
2426
4961
3638
263
4376
2944
384
854
4985
1809
2592
4080
4635
546
2841
4386
1758
4137
2858
2486
257
1174
316
346
3757
423
2506
4385
2657
4532
3563
1781
4478
4353
3618
4915
3049
2083
4209
332
3122
3542
3351
4574
3789
2984
3483
1292
1753
2848
4191
1801
214
1691
4333
1079
4158
4481
4953
1792
1422
2793
4784
1086
3260
594
4956
666
53
1345
508
1965
2102
4399
1015
2173
249
1784
2987
3770
2842
3163
1473
1632
4768
690
3131
618
3938
4905
1223
3112
3844
3189
1235
4581
4251
843
781
2926
2992
2099
988
3303
4102
129
2892
3048
361
4589
2308
2812
3451
3484
3022
544
2118
255
4447
2623
4316
888
4105
2294
3212
2018
2096
4564
3503
1139
3900
4419
2833
3801
4597
1649
2745
9
3639
3729
4305
4247
1016
2425
3487
3196
3066
2141
4704
4043
1627
1364
3059
2822
1687
4266
1696
3806
2039
2097
3108
2517
1962
4493
434
3718
3332
235
1940
2727
3126
1337
59
4913
3448
2696
4013
3218
4743
4303
3899
1279
1830
2963
166
528
2934
3316
597
3472
1535
3132
4789
522
1121
192
3178
1576
2057
4119
4446
599
4197
740
3692
146
2639
66
744
4369
1297
2877
3445
437
2135
3911
1380
4307
819
2609
4655
4009
4539
3370
4235
1308
4033
3673
1780
2949
1715
904
753
71
1672
1084
4110
2704
3092
1570
898
195
1438
4942
3412
4342
2134
3919
4374
2533
232
2717
2237
154
4146
3327
782
2650
1369
3581
123
614
2981
991
4689
112
4402
4219
3297
3839
2596
1643
1868
1162
3533
1105
3127
4340
2002
916
2342
1290
2903
516
4675
1722
2424
1316
1454
4090
1497
3822
277
3016
2772
4646
3044
1456
2167
752
990
2604
3388
1058
834
4122
663
2538
764
2192
1403
1491
359
1302
1547
3688
596
1500
2694
1065
807
176
4135
4327
3410
4766
1463
1115
2277
3115
2588
1340
4931
3244
3010
1525
2407
2667
920
1135
2943
3116
1273
4681
4888
1370
4318
880
4284
1704
571
2066
4751
642
1800
4037
636
3877
418
4056
226
743
2242
4815
179
2322
406
4364
1060
4298
967
4513
4898
3313
4103
2203
1870
4808
2235
1383
919
2828
1864
4406
237
3339
7
2887
3971
2185
1747
2449
3720
1614
3702
4214
3615
3994
4669
3071
11
945
4892
4801
3027
4426
2036
1128
1426
3430
2574
3804
450
1475
2068
3192
2488
2255
2332
3853
4997
3760
2153
4553
1527
42
3605
2615
3687
656
2001
4866
130
3535
4032
1977
239
1839
2343
2452
2375
2536
1595
2346
4086
956
4020
3298
2750
119
2315
2662
2259
328
1939
2804
4042
1226
3880
3600
334
4114
4510
3154
1751
2321
3283
2722
1712
1973
3816
4730
3653
1409
1934
2824
3552
1511
4983
61
3558
4584
3268
3890
1321
4363
3925
2962
4625
1723
4254
4800
3680
857
2333
1167
4591
3466
2753
4714
3722
2241
3464
3052
4115
3170
93
745
1110
1504
3310
1008
1911
4852
397
625
2175
3889
246
1098
846
2688
2587
1975
1023
2260
1637
3007
1544
3338
1126
4148
4484
1705
3819
2465
4176
4207
3074
3700
1823
3941
4950
821
4777
4907
3457
1874
4988
673
1240
2087
836
3774
241
4240
1029
555
4470
4495
1992
2280
2626
1682
691
794
2769
383
4691
4403
1040
2122
1799
1356
4991
4044
2787
2371
1871
3952
68
1027
4416
3175
3124
1453
1734
1048
75
3035
3584
3509
3099
972
2546
1898
595
844
3462
3735
2801
3089
932
4073
1676
4573
3940
617
3069
994
2385
2683
3768
4368
4116
3019
4911
449
652
382
1262
616
2041
791
3715
1596
345
4095
2508
3176
4687
2597
3440
253
3836
1693
543
4603
95
941
1408
4849
3492
478
4877
2826
1537
2016
4018
1241
4001
3664
4634
2785
2387
3622
1964
798
2568
1007
4075
648
225
3253
276
428
4692
3906
2071
1000
4091
117
3407
2019
639
3851
2309
4969
3428
3174
231
833
2274
878
2762
4468
4533
865
4094
1606
3520
4880
2444
3733
1589
3386
1695
164
393
1378
2209
4757
2458
3107
2898
3808
3921
886
3070
992
4823
35
1586
3220
3696
1790
2879
4678
790
3476
4863
313
3787
2882
33
48
2037
4890
3927
208
1304
1515
4545
1386
3794
52
4844
221
2832
370
3296
70
1545
3846
4058
2767
3219
3200
3961
4610
3042
3385
2522
3967
3852
2545
3982
3825
1761
4499
2686
4145
4847
3873
4052
3916
4629
1310
2198
4472
107
3548
4795
331
1670
4479
1832
679
4466
1993
1777
3263
923
4048
3955
1417
2189
3642
4640
3130
870
133
1419
767
1465
4592
1710
4319
2958
1755
3281
466
1190
4623
2230
601
3249
2527
3050
709
1997
4897
3534
4456
3775
4984
2205
4986
4632
4982
4792
3136
1744
4745
4328
1546
4851
4750
1847
615
429
3328
4067
4696
2487
367
1305
3695
2685
885
2870
3493
1735
3469
