36586
4793
22348
34733
40150
19501
37083
12498
15031
8676
43264
14307
8165
49510
39190
32839
10102
6010
40430
10191
39963
48049
4815
13710
2351
21777
26414
2963
48518
3696
11981
1456
8488
681
2540
48637
20181
39622
11134
1564
48297
20749
32222
22813
36610
21412
5651
13063
43773
12433
39605
33735
10481
44419
13796
29183
32548
40209
32145
47417
10256
10478
48872
18743
11158
17763
17379
47690
23737
44864
15605
22033
31964
47827
11198
34925
19238
16848
47987
13010
29280
37591
13096
6112
48361
43243
35294
47260
49803
33791
44677
10058
44268
9900
28800
21777
27663
12530
19466
1399
23745
35071
39783
22060
49249
980
6984
18486
34180
4970
47847
13459
8912
27294
35923
7272
36888
21216
4532
36690
21358
49208
46747
15625
9107
41898
37401
3121
20779
23219
4519
44523
24641
10654
16582
23889
11633
23565
8726
45812
44886
22924
25623
3797
16569
11545
11068
3456
49112
31951
40145
20470
31158
3243
2446
6617
11492
6199
26089
32270
29417
30608
26792
20409
7613
9725
44297
19245
49641
19374
31409
44526
8649
23383
14674
25217
34927
25741
28672
390
7692
35168
20859
5201
4762
39657
28169
16253
45855
4258
48522
25271
1217
41665
12031
8829
17741
6327
44425
17381
42052
25833
28258
700
15567
42931
25916
493
35023
20939
17235
9066
22458
4445
14267
27219
44101
8787
43471
39955
13044
41992
31577
14260
8
43607
39440
17748
16285
33865
1480
24688
26049
29737
25387
41616
22667
17654
8460
24041
38592
25694
33107
27401
30139
13725
4619
40591
22511
48089
30546
35555
6432
28474
16166
6439
38433
5606
40538
4717
5822
42017
29405
31870
21753
21143
23485
10771
38797
48297
1164
43740
23990
34270
21141
20480
47994
25759
11071
20504
40200
7968
22410
12983
2793
38576
35774
41225
10533
26311
45942
16354
34680
41698
14575
6432
29192
38060
33555
17988
2708
34718
28080
26697
35339
15572
13529
33332
41330
40951
20187
47881
48918
8949
10864
1710
13876
12989
42935
24408
39299
5228
7113
23978
13277
21687
46762
42468
26098
46668
26808
28805
47737
4887
21854
33075
20458
35382
32758
28139
26332
19296
42372
41601
28244
19587
9662
8471
32575
18948
49230
38225
40527
6342
28555
3803
44381
41668
12623
20478
38335
39430
15635
36071
10668
37488
35497
47477
39221
18254
41967
31904
3901
34338
23504
32145
3924
49517
6967
2850
18465
6197
41075
8991
12538
35981
29146
23270
27648
41768
10100
32334
47549
25734
34756
8216
29573
20252
5692
18793
4857
47658
696
8757
48348
40551
7253
18623
40067
14220
21473
8531
20416
28899
33874
49305
31231
13019
22575
8878
21138
32674
41211
18686
8407
42318
43253
4331
12569
48944
23123
17425
12953
40170
26181
27652
30720
33434
46275
37138
47653
17747
12021
34420
12997
45894
33724
44227
25264
6298
19456
46401
5323
27018
15086
30081
19335
8338
34411
31903
23633
7533
15679
2937
14054
41859
30589
44773
41644
26863
31911
5648
10961
10283
40067
40309
6176
23791
34535
31439
46440
3990
27839
1763
47359
9276
31843
16693
33965
32606
48595
23949
6490
14273
26885
20544
22483
7473
15316
30479
687
13578
36126
27999
23860
26193
18307
46387
16335
2841
44177
12774
23182
38367
30888
20540
47642
29083
37232
47958
11688
2178
21906
18177
32802
48791
38720
21637
22615
20388
2115
39654
317
4592
17652
40529
47136
35959
36915
13470
5151
47444
42596
44685
35810
39835
15224
33452
18917
18808
31409
30604
37337
3315
15133
36491
18457
3852
8127
41071
40591
26593
30724
40908
31184
14728
47788
28320
686
34702
8141
22188
32145
736
16872
34307
40571
48448
17758
25839
33607
15518
6443
20943
35184
21575
23785
19992
41778
48263
27415
32369
24855
8138
39628
22391
39217
37415
17062
39902
38468
25202
12090
36965
42290
28961
21271
49212
43760
5380
25050
27366
20897
47844
48309
22433
35770
38445
42424
43900
36708
19838
42620
27914
44328
32247
304
33544
36013
17365
39798
24480
8919
18239
11444
17560
13551
49066
16771
7311
4445
8172
34676
41694
22368
49336
14126
24489
37781
22901
18388
24488
9091
27359
18753
3418
9605
19057
3313
45617
2773
43110
36449
28043
11348
47892
45602
41251
13310
28724
48561
17754
3248
33236
25799
25615
48924
6276
16455
36704
29177
34843
27543
38267
12201
46295
8036
38158
31703
27700
126
34476
20810
36574
28870
48509
34466
24472
6111
14127
3195
4671
31880
6442
4259
7679
48408
3182
30306
14863
6237
9482
16057
131
14100
44609
12777
38487
32766
44480
16187
32892
45307
3348
35817
24176
18208
36634
14999
24319
760
18194
28989
32640
40987
33247
6670
5747
2780
3327
20609
25368
12809
36665
25498
43260
47625
38275
31747
46743
49106
47933
45986
10764
1280
31802
1291
19487
18436
32642
43805
19195
17187
39146
18186
8173
22392
41207
13919
41524
44534
879
16891
23694
3895
42389
16953
1520
47015
48699
48262
12472
12983
44247
39587
14262
42400
7229
101
10835
39870
10257
46382
7056
49402
14567
31581
38146
5774
11851
29669
16659
12730
12911
40352
16624
21651
7304
18143
35017
22355
32756
13840
35337
43354
3426
15951
35754
27007
16051
12940
33228
42659
9321
6636
42061
40240
38216
30206
46013
66
26226
29023
29147
39136
19374
45771
10787
43029
30265
45803
31735
29373
9643
33424
39078
29420
49374
41183
22778
31776
4123
6006
24434
29795
12641
32846
20034
17208
13051
16046
33625
5628
11420
12772
44764
47145
24894
5550
6526
5158
17704
38260
882
43698
38035
39960
23118
3760
31142
12247
1887
35264
18252
42673
15059
47244
25518
35092
30803
4921
17490
14428
10548
45261
43551
5311
42406
18444
27212
48931
39953
11268
3542
40835
4965
41577
30794
44434
45336
11935
6681
47223
13551
41284
39895
44961
38528
31764
46404
35682
36684
30245
109
47232
25506
43659
18894
17911
28454
12458
16841
18407
23725
36734
9241
28689
28310
6386
39475
39998
34672
46155
37220
14574
3790
43466
9534
42317
41581
22290
27999
28265
2534
44459
41848
28039
4470
10741
45949
32923
23198
29141
17681
13274
15875
43273
8315
44184
49658
47789
533
682
10295
37752
31607
14084
47569
41141
22753
39150
29782
17103
33766
32315
11561
25613
10354
32382
2705
22654
31657
42255
1795
49337
5528
17669
42610
13842
28204
8619
27982
28737
25652
38276
32840
7259
18712
46761
14751
41464
2262
44532
8566
2379
26846
36478
27991
37199
35212
47047
26205
16868
39301
27999
16204
11181
12019
25165
41374
6574
33784
19356
1662
9435
23983
854
33045
42694
13966
47795
34157
16227
42326
9074
18605
19172
11904
12947
22722
47115
9993
48926
30334
15646
43276
46537
26826
5294
38054
18199
28220
21837
3906
29881
47623
27889
47086
30668
20582
11051
44814
21091
43629
37140
46516
12233
22663
8419
41531
11736
21885
1524
10662
2218
33521
20289
15107
10346
41935
3160
44896
20154
41348
48802
16386
5322
26690
13472
2341
13623
24522
47155
1065
18151
34294
47581
46735
23308
22351
38266
35043
10588
6141
12056
29157
6013
32345
44263
32710
24279
13774
27605
10784
21473
42758
27169
26795
35799
6992
29135
49422
47866
42641
486
32368
26934
14418
45454
16593
36769
71
1636
47356
6211
13691
26512
28575
46035
37127
11284
36665
900
38889
13800
38725
47998
40969
15519
33797
14312
11005
49570
12177
3646
55
44544
46931
14473
39998
13524
17593
40068
15159
14948
12631
28849
7811
7557
41236
44937
18841
44252
12189
24081
8052
913
22078
15372
32783
5874
29683
43787
5443
41860
47432
21850
2755
44363
2674
9104
7886
20266
15524
39396
1565
44506
34596
9375
2062
25831
20664
20902
36435
32852
44982
44486
116
17060
9857
32898
39285
5891
26684
44728
14102
40468
32929
16857
1182
35602
42312
25419
5867
7835
14814
23783
18692
49409
33157
20754
41592
20172
8007
44378
3023
19341
38863
19490
2752
15071
2387
42036
37313
45423
3115
1415
2242
36043
34623
3423
21644
26934
28841
43862
1121
10006
17644
19812
25766
17153
40565
17357
37324
14924
11734
6699
34264
16948
26188
37015
48370
44927
45402
35683
6701
48517
3449
8942
911
38071
12364
22555
15004
7556
32768
16124
17561
412
35936
43326
17564
42852
27035
21239
7775
5120
27937
8390
38420
20477
11756
3141
15403
7158
38823
22103
22026
8623
47396
22936
46693
26111
11842
11697
18
44610
27820
17578
11373
30107
27255
28936
39311
20641
16526
47085
25761
44463
21827
30532
14939
33582
33672
46693
40739
38847
35147
29116
47469
32542
2052
44162
25004
13893
22210
25021
24854
16381
8950
36226
46488
36204
31513
35798
23197
48039
49234
15309
8853
37412
45840
23791
20994
29511
36835
28084
34709
21981
7200
32178
20874
25603
42691
45877
5847
14900
37249
30701
31280
46198
33278
44119
48753
14791
46268
21949
29181
11854
37257
38033
49265
49448
28175
36610
45311
15009
14694
30019
3341
38245
28548
40566
13847
21238
2794
36045
2489
40042
33097
121
2591
16375
10591
1343
47517
6859
23292
26697
35064
26900
31081
680
26348
25607
37290
38010
6967
1983
18028
10307
6579
12928
17224
36777
517
20017
22821
3006
26410
5918
19478
29000
38644
30068
30342
36160
3278
19985
29208
38341
13237
26640
39021
5936
2246
26310
43945
9212
44644
11972
35870
17574
41251
3093
4350
41768
39461
43522
44773
15870
15791
14250
44869
4434
10669
25210
6945
13947
11547
2504
18639
24783
45495
7659
30718
47740
320
24662
23303
11315
2985
9172
28888
44236
28616
33237
36003
18076
43111
47127
33945
8901
27728
28813
29687
38396
20375
2983
18694
31921
5487
37333
23055
981
11343
3772
15073
11663
44785
38375
22977
14121
13899
18217
24708
42514
17805
27062
26942
10915
24188
27238
19816
18267
6051
15854
23015
42777
18836
41708
41049
24322
29040
14103
41655
40383
34226
23079
18397
45362
11453
7725
25834
41703
25941
542
569
43746
27603
27510
4660
18143
4747
40827
36409
27149
6680
25775
19925
25516
17483
27325
16189
12874
7779
24195
19608
8356
47273
38004
3717
25078
45729
45903
16780
21669
46444
17348
31766
40398
11209
36426
8540
15956
43604
11301
43104
284
37075
29381
42151
20909
23057
24691
33783
30836
15238
3390
5543
12510
41394
25612
3939
3474
21514
20719
41494
17957
4418
23260
24706
15627
9685
33246
47934
3288
10898
7389
19923
14324
3121
28425
35233
26178
19468
19015
23365
34705
22404
45259
13566
30149
20870
33857
49974
42383
4575
41468
26691
25344
14727
1397
7322
40763
994
5255
10402
28243
28996
46677
42566
32116
41453
27798
24645
10920
13164
14361
11976
35568
9620
25542
32068
30489
9398
48394
39224
30324
39861
32266
22019
20939
14
29341
28053
17359
947
38454
45601
46294
1482
4519
28410
42935
32316
19406
3854
45480
33767
15830
47399
9738
7723
45818
40226
33472
44211
45801
13795
423
28067
2165
21361
28080
47857
49413
45439
15156
4219
7391
11449
5700
11909
39858
14986
10577
25616
18840
22408
9382
1021
36158
35471
25095
31975
25696
8566
42538
37849
38712
42960
15915
40876
30673
10346
5085
46437
22136
20240
17007
45879
31688
39059
7787
37898
4044
34715
13513
39235
7122
39246
6607
43279
24716
31701
41606
16763
40266
495
4611
45329
9806
36877
2557
6830
13575
7641
3267
2062
27880
36625
47940
25919
25683
22079
13816
46079
6793
43680
35313
30267
32925
8272
39897
23992
39972
47854
40755
46590
48348
11717
41918
8154
14946
10826
14983
28520
18466
34601
30581
12697
21226
44873
38616
13260
33303
18783
25690
40095
12463
27355
36713
45387
35626
42962
19379
25597
40815
26485
22186
39163
4553
30456
47316
19498
7633
28650
48017
26099
13251
44950
5147
828
6174
43762
30439
39476
12545
6129
45922
25007
33483
32635
36745
19108
25596
22475
11056
32762
15311
49594
21924
19864
30049
35591
39361
37681
14241
3730
30131
43843
15031
35278
44670
21204
45391
41460
10679
24287
47588
22952
15645
47422
21938
18742
16529
13885
41216
27585
46647
6527
27178
18570
26390
23578
4161
15750
27610
34753
35831
24093
28595
861
25722
39616
22064
21112
31075
49094
11751
28663
38398
27395
42436
10335
46136
8965
24220
3704
2901
20866
10230
46430
5787
2971
36359
26299
35072
30320
11051
20903
4412
5997
21763
30133
45612
10179
17597
43039
25624
45699
21701
14021
39445
30488
40708
1933
39452
31279
5636
8704
2144
32217
21485
24282
35187
7843
581
36610
38163
27983
23864
8926
33980
11979
5411
45943
22157
39359
38981
14132
35057
27033
44505
24501
7521
35212
26433
13324
16490
48420
22028
34985
30636
43512
25618
32174
17707
42550
18784
5869
20533
8999
31146
20864
20977
36556
16806
9485
25914
5787
23617
10970
32819
34473
1823
6691
36036
28255
20015
18877
26675
42042
20213
23662
1905
45830
5836
19611
38380
40971
41831
8912
49969
22977
46127
37298
9532
12932
46782
35446
18718
20398
12767
17889
21222
14589
24579
7257
9196
44593
26133
2222
2986
12697
25883
21243
8527
48070
40853
13258
5392
32684
38521
21713
22012
34647
9010
31543
47578
5791
33340
32648
42541
12459
16888
13762
27047
41466
37371
2594
2411
29855
4815
21748
42552
47050
42990
1078
11471
195
14335
33215
32878
2855
21279
4889
37501
46640
2783
1430
18782
36123
34077
11322
48581
964
41436
41979
8782
28806
10925
27544
25012
32091
15643
17563
45492
24985
18640
23315
25179
49326
6529
24408
18532
44159
45648
22384
40798
48430
23814
25931
904
24242
3605
15836
41558
45040
24167
16691
40197
35091
10586
15208
17181
26228
32771
29025
1212
17762
2339
42742
33440
25219
17149
1971
19377
12796
40707
26526
27578
30872
2456
28481
5113
6060
10669
13022
17451
1187
29712
23999
36277
6649
5559
19809
32877
4681
48833
440
22442
17523
43182
22233
42741
26682
40556
28469
39478
31262
4994
33407
12133
23802
11887
33597
46213
38907
12971
30016
40093
9034
4014
42721
15683
9572
28882
14911
14252
44066
15350
3046
11589
24883
25278
4329
1565
32185
49150
7394
29798
20495
40800
8282
10648
19038
41879
6861
24297
21201
36876
14389
30234
7241
23462
45916
16813
2343
10826
47416
46408
42528
461
7996
17410
42091
28677
35326
40627
44178
9071
20425
14672
49870
28706
25320
35260
36936
48532
9556
8136
35407
40296
38370
8999
13757
637
42163
16099
11463
39579
28859
3990
6391
3206
37751
14833
48234
39429
21812
42411
14851
42236
7083
31073
37293
32402
16332
40581
30933
42239
15068
32691
32534
19789
8041
12643
20426
204
45093
31888
6134
23951
2229
28876
43509
6331
43709
41742
12111
15520
34153
26962
24107
7587
8034
27751
6340
40717
18331
37272
32955
33399
36314
31840
3187
44354
44482
23612
10909
39575
21851
17042
29877
40431
45918
23385
13114
5978
31479
25224
37849
15631
18537
28307
23217
26570
6057
29556
33638
40740
33179
16592
24138
35844
48432
43676
46549
9265
33640
23810
15191
21842
40851
45068
12273
3120
34804
41738
25449
16282
33313
29649
48264
1850
7955
37832
44771
30364
33739
28409
21103
33269
11352
11592
19112
26135
5267
32013
35400
5258
5822
590
27100
13024
12009
5724
32496
13165
47461
7944
45798
47125
3945
44062
48974
28251
48245
10097
8614
31984
38505
46068
31604
16208
7659
17068
42343
29278
49080
27742
887
21253
44683
27986
34276
23044
33709
16771
36208
47521
41067
48357
44646
45011
42418
9971
23261
7015
20067
48227
38998
24923
10646
36953
7483
34657
4020
49825
13934
3099
43918
14820
24351
38600
9158
8627
27995
9218
41749
30554
23091
49167
28911
17736
44177
21328
44058
33790
44694
30477
48368
43
21751
9013
36996
29233
43669
41015
29057
23954
44114
39326
5126
34816
27926
14283
9794
22272
23500
1543
2826
46590
17061
31736
30677
11238
19415
41087
11379
14109
21563
26098
14151
43313
1462
1146
38898
45131
42161
17954
35436
2626
7280
40561
37441
1557
21195
13587
40180
11047
31481
43005
7636
48541
41092
4665
9778
10507
45751
37508
40967
33665
29957
21469
43329
31419
22615
32226
42901
31127
16532
28336
104
23811
35249
3896
41719
6443
17482
31898
17489
48962
41255
41477
47503
32346
12493
23632
9204
24595
27492
170
8259
7448
21639
1587
38866
10605
165
48118
8083
16696
26454
8186
6858
11702
28433
14928
34496
45915
46825
1985
11228
4431
9813
25082
36777
22305
48714
45980
46899
42557
12502
21509
4
492
39447
5222
11096
39611
3339
35530
6306
46144
10067
29515
24197
38499
44442
8693
765
41267
10677
11993
12049
36841
37074
48825
9145
2139
11157
22395
44695
40010
43903
11051
40501
33349
32624
17948
39312
2314
3477
11969
48458
13543
41484
22654
18393
35925
31346
19158
43543
8374
47502
5592
45214
927
20768
20710
19418
48276
9456
30464
38285
3358
7866
28785
3059
40489
13084
8722
42803
16560
20690
41260
46454
12173
30265
14847
14450
11611
356
7992
36336
14209
29935
47902
31487
703
34963
904
48978
44419
47720
3615
47776
5585
32399
17186
46074
45483
42259
5228
28394
12949
12839
24848
41473
43103
6046
5922
21065
22753
30266
7401
3313
10200
21654
34799
27254
6616
2055
42584
1034
49774
46198
15162
21710
44948
48699
17783
6782
40958
39362
35176
3906
2200
26375
11730
45303
32420
34004
16367
21524
14269
40119
24836
40820
28124
9634
34426
34740
28040
27009
2125
27813
39558
17286
15875
34505
15985
33657
41287
23294
39371
26462
43551
41570
19188
5280
36872
17959
39283
19591
39482
19903
26061
30669
10723
4185
40302
11500
38924
34694
4860
41048
28858
44417
24686
44732
28921
7022
44741
36559
30315
34111
29372
23865
25680
48559
29144
12552
16517
34779
48494
22350
4681
24554
3018
31755
28738
9672
43254
34013
44365
48113
41413
23222
8881
16098
17954
4154
23119
12694
40712
19785
13156
36436
43649
38835
34994
39144
17738
17863
23922
16231
6564
44955
7137
9582
26709
35874
19253
36315
36239
29969
779
27651
3190
9660
10100
37495
30165
49570
16540
20876
19354
29695
23663
29354
34882
8657
18497
2619
42871
8771
35202
49434
3725
42338
25367
46785
44563
10971
33099
30801
40939
230
24803
10481
9889
34902
14327
6405
34471
30867
27280
20176
26913
943
49529
28146
25951
18026
30765
35173
43148
15966
958
46872
24655
26325
43656
19217
37295
43107
16370
44586
43336
41172
5066
19576
26074
19392
25980
26896
16610
19611
47072
9875
36905
46600
38020
29207
30977
35136
14379
24124
17453
15337
37347
42107
41661
31003
27676
45307
40461
44045
39892
33796
35216
11309
19723
27641
47053
45702
4537
30014
15312
17960
39888
18569
14559
44260
47775
11888
45747
28506
36011
13200
43842
23358
5306
1854
20712
32981
13512
11172
43377
3404
11319
28593
31064
31041
22585
28116
43094
43473
8130
24757
11432
14369
43325
42343
24980
7452
4230
20727
35957
6592
33926
29798
46301
5583
48003
17012
4916
11514
44535
48292
31269
22205
43236
12333
19597
15821
6800
12690
9293
31281
37447
37077
12002
47123
29419
36981
4574
33648
24059
6882
6591
24336
36679
2892
29919
1033
19903
1186
28899
30790
49477
10167
2994
42713
38851
38943
24885
45651
1632
34177
43283
5430
37605
5284
18905
17023
8617
39830
17022
49027
46712
23613
23363
33390
26504
19633
775
12758
20818
29673
9899
36646
6191
29245
45710
45042
18187
20594
7044
19818
21123
326
41600
8727
21962
10504
25750
46930
333
9123
45956
13396
32735
35670
13138
25590
5302
13912
38348
42471
43584
14598
29117
49774
43842
41178
11167
12028
11772
18210
48198
49246
34888
6149
7972
23201
33004
73
20130
49688
25548
32437
13084
8282
18107
26221
33872
39760
40132
38571
48583
67
19520
27699
16192
13362
18876
27359
41741
46999
11920
6290
46244
13159
12438
20568
36359
45441
36992
22840
45129
12539
5277
24564
37173
39735
784
37396
45846
7267
25966
44428
7333
11837
38478
23524
25198
23706
17234
33291
20704
29154
39580
33300
8664
2018
20219
45023
13810
7210
17862
25290
36101
39490
49853
23273
45576
16988
10668
41422
24254
2985
2201
47938
14821
40679
37814
6371
14384
5047
39661
1439
552
45592
34738
9216
13961
4956
20590
27771
28518
4803
19412
14618
10645
35617
4242
6220
18956
31261
13993
43210
34245
16194
7499
15417
23224
45312
38139
37607
16711
27799
39045
33614
23391
40135
9181
3703
11442
29770
31473
39959
925
17237
20928
11569
19205
41521
34140
38160
22781
14485
47721
7025
47030
5220
38794
36605
531
26932
24211
33593
21083
29607
17207
10825
19741
26387
14527
31183
22509
12352
37493
39785
29588
8421
17705
48792
49941
18196
3303
22722
49032
1024
46098
12413
6243
1243
49017
6773
28175
23227
6718
15609
19186
23924
26433
5278
16662
40959
36460
5522
3310
40305
45306
49249
15077
29362
14392
15017
47558
17695
4090
46589
18718
16540
9002
41312
34134
24370
14436
28660
47597
21153
44268
33134
45076
20700
38411
28090
28011
41223
33611
47672
31527
45269
46921
46603
24630
27664
27971
38539
11710
48413
1480
30427
31304
26833
38090
15437
1202
2526
44097
15150
23678
4716
48283
35106
25416
36694
13195
19778
44268
13157
17449
25794
24777
30721
38748
49407
8385
33070
4297
20094
31482
5776
16873
29137
32608
4962
10926
33810
7487
5022
15311
47517
9737
13594
32622
1504
16639
12168
21281
10906
25324
5082
3051
16453
35802
8150
15859
10538
41219
36507
46984
39053
42283
30208
34541
41242
35169
45466
41403
9008
487
6714
22876
26576
36659
5497
44431
19649
34016
32064
30554
25691
37145
49956
42143
22946
24457
24353
49836
32027
10860
46819
21079
19494
27026
5620
27087
28546
1085
18490
3905
17924
41555
26780
10851
44565
48628
21633
14213
32643
3696
11118
8334
40840
11073
476
30138
1881
24829
29973
33907
2040
43143
21338
21533
20168
26957
48619
15065
44393
33460
18970
28668
41366
12101
5870
35930
10729
27503
142
9723
31198
11259
18056
38390
22331
34884
18527
40563
26064
14851
24470
28103
7993
45807
15987
44512
39115
30957
9576
49859
14417
44897
44879
5782
6998
748
41712
34078
44602
41853
43800
42152
3112
11856
30541
41794
13091
49067
32357
39154
13917
23178
33608
38261
18984
15946
32772
24450
46902
8699
24308
11318
3596
19186
33452
26945
36286
41515
11022
30887
33367
4821
39390
2830
33028
19930
10976
12470
35348
9684
17975
15616
32861
1582
3876
18196
17527
36647
42645
30781
11698
33304
8450
15293
18842
41901
42237
5127
33415
19610
2365
33134
24430
41755
2315
23810
11684
29642
36279
47032
39325
4254
12647
38537
22187
32875
23084
6066
35873
32080
36846
47570
15384
45295
12862
34225
3548
21450
5703
3314
41059
8067
2799
31841
16173
5114
5650
44209
1107
8280
41240
40432
12533
20238
45320
1072
19464
34756
7137
5337
16835
10334
2906
32218
21980
32120
32794
25527
19921
38496
45193
27332
12915
47991
9172
29087
19456
31173
23295
20563
5804
30886
27346
34689
17476
22665
35760
3291
23772
9248
8627
40607
19581
27885
39176
7912
26356
21970
33439
12628
26817
28631
39959
39731
42973
15482
35170
12429
13006
24816
32991
18810
22054
26688
3498
39529
15704
5609
42819
39476
14856
17798
30082
788
12034
19257
8699
38389
7578
8489
1016
34395
3471
7327
40477
46444
22808
25646
25224
35814
16814
8214
4623
38867
1253
24472
44747
16956
30080
37565
6431
11287
21714
36512
12074
33747
22121
20772
38487
29698
45613
5855
14092
49083
13181
20921
45526
35988
12918
20749
38153
29731
45314
9127
18597
46566
33598
13343
13522
30029
17260
36304
41315
38973
22816
3388
39072
11288
40512
43910
40985
36124
49764
21429
35206
12944
42349
47084
15284
5266
34184
3436
34997
45850
12563
19945
42415
12512
33288
22288
42541
16899
8592
33855
22223
47759
3595
11294
9046
44106
21556
16382
46581
21319
4162
48138
615
12862
11573
32250
18128
45757
2037
19476
41606
30951
5772
372
43463
39059
39012
2355
22309
13955
2561
44532
11713
6155
22177
37110
16612
43732
19843
13192
31403
24005
11330
48369
36866
22902
30618
21345
35010
49006
7172
42967
29957
12944
43339
39771
18354
48702
8477
40663
12656
11037
35194
40720
17192
7370
27829
33803
1102
14023
13347
48856
38027
41028
47224
24893
30281
27841
12589
15291
43198
19761
24609
23154
32704
34299
29276
1057
33000
37752
41719
45655
48789
43264
2726
32332
634
30554
32486
18087
10929
45832
33294
48955
36859
30517
40199
17140
24709
2788
48782
17906
22548
23390
7412
21603
7689
3039
22659
40688
40791
30730
2695
5931
40345
5420
4614
7330
2326
37099
41768
13254
32931
25061
28560
36141
5577
18759
19632
30285
37898
18413
14543
10445
41803
21954
48399
15843
24992
21057
22882
32134
18138
25576
4416
8483
47348
9029
32164
16025
46128
23932
29278
45410
48992
7837
47902
4569
42947
17534
1205
30844
35946
15747
7640
44100
37700
6038
9942
29044
43447
49176
11177
27936
24751
15593
2770
38450
40973
34934
4474
37100
8865
103
48861
7856
24292
46763
28776
17238
14296
29981
14434
16593
45727
38425
10693
49779
10815
36986
45174
20613
36161
6350
48548
27264
38294
17670
32065
29267
2603
36539
32718
27819
36641
47931
2026
10932
11045
30802
44522
25340
27134
25307
8284
39212
13731
35328
5342
24545
38666
515
45157
41178
6865
10057
18441
11510
27726
506
40776
46680
3396
39846
24498
40036
37776
42875
17320
48820
23676
28193
40511
17161
3499
48794
6373
17229
474
28066
8126
39139
28581
3282
30316
1797
29690
15109
13306
7415
31966
20434
4094
35361
10279
44943
41748
14406
37818
9067
29577
27845
37259
20087
11358
40757
35232
17730
24338
35705
12147
32463
41195
40727
2096
21511
42523
31786
36619
22181
5552
18584
8966
25998
20296
35596
37292
12043
1
41461
21110
29577
19306
24720
16015
47015
31829
1246
31096
22518
3303
43242
21332
44497
33969
23427
32359
42843
21564
18977
15023
43468
3912
23988
35817
40559
9583
23108
2602
25935
14569
40063
21863
226
31134
37877
47240
12962
39123
28335
35479
42425
21576
23162
3273
21896
46589
35632
14739
34504
20960
46113
44323
41224
36453
30139
31782
12387
3247
34383
38322
34167
40797
10184
34392
21931
48061
31631
1244
3535
26317
3075
45959
47892
26236
49231
19788
22824
34862
878
23680
5822
46990
18002
47045
33442
14493
45178
45829
34091
29561
502
18257
36709
10685
2648
8639
25097
630
9883
28631
43298
12957
24589
7541
39192
40172
27328
28368
41385
44557
18399
13558
41547
2752
26954
41340
17244
22132
37168
1334
18044
37669
35942
4752
14706
38589
13391
39802
5570
39625
18433
48867
2581
9373
6408
8124
15896
87
2843
23633
10996
21241
37190
2542
23993
30496
10233
7588
2627
47401
25274
20670
1421
11215
41773
32478
16156
21515
38632
21725
11139
23416
36944
30071
32788
9703
4547
15036
26141
7389
38668
37136
28630
42209
39677
18974
22704
49910
42913
41682
13662
18186
28703
31434
29401
20476
30264
45556
41990
18895
33632
19481
42310
36927
15903
41449
46629
20449
6484
22770
27838
11503
9905
22819
20064
15934
8144
42767
32195
1056
801
12208
19242
29503
9993
14994
49978
40256
26901
8320
9150
10532
44152
1459
47459
10054
9260
44087
30503
15743
33208
24692
43598
9465
47510
13661
25398
22005
22779
23944
23060
23579
36151
8653
19434
12495
23646
35763
2751
16898
44082
28252
27430
38233
29711
41240
14639
38970
1678
45141
21064
34886
19832
31013
44350
33693
44673
36099
5697
33804
10042
45108
23734
12544
20113
43167
25038
10110
28930
44140
27008
39363
22392
4437
43948
18454
45676
8586
23775
47353
20078
44838
48590
39909
25851
42939
39953
36875
45389
12001
20678
5430
7108
44412
34325
27220
3930
25715
37330
32859
19854
30689
22222
42245
35125
32521
10698
47152
41106
34472
10856
11183
45662
25798
17443
37864
35088
7395
41090
30477
19395
11768
2258
42854
22531
36583
36426
42812
28649
40107
25671
48502
20795
14244
7099
22271
46764
17796
19422
4221
18620
46629
15403
30633
22426
49197
18496
7514
6591
9585
4342
42337
37704
6599
1542
26586
9533
37967
19398
38181
28073
11420
3035
15219
42015
10133
37489
38778
44280
23262
42998
12899
19891
24752
43531
8668
23948
28378
32533
46890
4315
36874
39226
8370
9825
7119
34956
19357
45086
20705
7538
39510
48476
26924
4729
40490
37056
42217
29267
31335
15479
38616
44234
1721
29719
4116
26740
20018
48846
9273
16907
3160
12498
22484
27881
22322
29602
12836
41679
41039
49892
15568
30549
48367
42491
35277
38856
29546
43845
34474
27232
25675
39441
37817
27395
35511
8285
4135
5528
7130
29759
38786
26641
42256
11269
4521
14578
7223
33709
6256
14613
49952
38175
45161
48319
47017
46789
3526
26562
6986
4352
20145
32660
43792
7962
26407
45655
16246
46893
1182
23375
26651
39968
16367
35258
17588
20887
49835
41162
20947
22442
5775
20899
26968
17287
35569
23984
30428
5446
16897
3765
9797
37042
36424
19941
45003
29182
15595
11248
26074
33128
974
19076
39447
17340
4334
23387
4578
4168
30900
25525
42962
36674
12775
19929
20313
48343
43913
17092
3788
10809
20856
29937
47850
23631
49877
42852
2813
31823
20451
28886
14950
21424
47962
20749
38763
18647
44135
43341
22814
25034
35217
32127
28060
47991
2056
14724
12685
12320
31815
32824
39480
19022
12760
37330
42652
28988
46533
11816
10810
16984
40702
42112
38407
5015
12860
43522
40013
23346
3214
29178
48379
38430
11305
26438
2772
29712
7513
15456
42031
39327
48279
31510
8348
27391
35191
17352
6378
31724
29167
33540
15059
36220
42003
19817
7586
21214
29690
47598
44559
32903
26776
42937
21332
4432
35727
40455
34143
43239
5910
42525
48918
20541
40386
23617
14283
25577
40968
20660
23652
36487
20551
5062
22706
12553
24878
46644
33766
4568
10593
44676
3822
3720
37613
25154
8151
39691
31960
8645
49281
37870
17521
48198
24762
7907
21815
39044
49835
29134
26055
39838
15620
46606
44899
4678
25510
36128
17673
25628
7047
28265
20303
10869
48337
24267
2374
22839
30309
34333
31484
29590
38554
15356
44139
29667
23262
15953
18710
39448
11439
44765
45637
43410
7722
40535
14439
33231
43015
48463
25210
16413
26728
45513
43633
41416
36131
12358
14254
16440
13043
12089
12381
17948
27445
6519
47615
17058
38824
16324
6506
16614
11088
2142
10023
35161
9029
40814
18392
18395
39276
9953
1159
32355
21817
44792
23770
7948
23501
38024
40739
36543
16464
19471
4491
43908
25989
2105
10966
31164
34780
33823
47777
45868
2316
24152
47380
27696
14965
15771
46090
4240
25724
47249
36595
13892
8392
26716
21839
31892
31091
28929
34787
47555
48399
39277
41462
24388
7733
18779
21903
42512
2601
19680
4731
21269
43831
2111
48964
8795
17881
11406
29386
9956
25006
32332
23848
49749
9048
12038
31640
40138
40967
16426
37692
5717
22054
45506
30104
29786
14284
18359
22298
33237
38038
27028
4505
48220
29138
19820
23366
13371
31225
2751
39678
22582
35083
13525
22330
10482
41915
3970
619
49233
36747
38311
4949
8801
33816
1405
4938
14451
19763
27235
47687
24152
4263
18543
22371
49752
38363
45736
13122
35939
14838
2800
8521
49920
32676
47202
10401
40942
17523
27372
40174
4270
32034
45123
29422
32201
12879
34359
46651
32641
27946
10690
6792
32208
29232
45514
48311
33946
41249
11433
36237
6086
30584
11109
22358
13259
8310
49110
20553
25833
26481
10726
46454
24866
22200
25875
7066
35078
26585
20069
34070
4530
30758
7213
3089
26341
2726
1400
10287
43974
29184
46523
16412
