12656
17426
1988
17335
43223
48838
15801
29568
19992
48072
22408
30724
26347
47168
37505
15762
47503
6903
8882
9549
7569
13409
14278
23816
6695
17015
8482
42920
631
49181
44882
29638
32958
13222
46973
26180
28411
12773
22100
48402
27196
10859
29125
19894
24378
32981
35655
21880
6235
10888
31428
13803
24296
12057
37618
30991
45423
12451
40262
46053
27983
1495
25691
10941
14716
22663
3472
43126
1787
41923
7879
45334
2781
37003
15227
27158
36336
17233
15390
42570
28121
13169
6373
18768
25226
10342
16110
20648
39145
6371
33053
17127
7866
8743
44419
38933
47757
14243
48411
15895
22517
6289
11228
25298
9644
26454
18807
45979
43686
548
38548
38158
13717
11272
6926
5294
37966
23035
25941
27110
45758
8993
10588
19975
34087
21359
8907
48195
1953
23669
14089
24469
29958
25316
49766
39601
18121
34925
35579
11807
35472
40478
16316
15540
1750
39593
20833
6067
28980
13126
33176
24737
38470
10115
11063
38909
31473
36321
37103
33425
9990
1192
24246
39947
26507
24011
45899
44628
25287
31477
22786
27111
38306
5453
42650
6407
45046
29835
12473
24025
42960
12000
15113
31429
22115
26175
20337
19939
12495
23792
19716
22484
24983
43961
12430
17841
34323
24680
28820
9610
6156
17957
3072
10814
23410
45721
17220
34807
25555
29693
8831
34866
8044
40295
32647
46510
16469
19335
16449
28963
43126
2516
17799
18108
12828
46580
2301
47150
21260
31120
23111
43767
49077
26182
4580
38838
38255
21800
23644
30161
17844
48826
15027
25887
39120
47673
22397
5588
17007
5197
902
10133
24064
18700
44592
36891
15280
46892
392
36539
44364
39855
30305
43440
32388
34885
48629
20642
23036
22272
803
40879
37449
32181
33117
26568
29853
21865
48507
13211
43413
15760
39695
17476
34460
34287
4366
16091
47530
21110
2629
41893
10964
49285
1684
43351
521
312
30345
39908
38935
47499
47138
42735
29679
30255
35654
25883
18471
34160
39093
11884
16272
45140
29359
731
29426
77
33173
43307
21186
2153
35200
32149
1437
3235
41851
18310
19899
22195
8217
25185
19693
21707
17920
15723
1961
3573
41605
36783
4085
47050
48666
20356
42189
44377
37438
37966
44453
36962
31272
31990
39114
32823
30490
6902
36058
22340
25211
5956
10887
49780
31140
46931
21486
15411
12654
39798
35336
20610
42932
39420
34011
41598
26127
42551
35974
29916
30516
46778
16877
28140
28767
5990
10962
25608
12891
13371
47947
4454
19326
25185
20585
16818
22116
8422
48580
1121
14571
33915
38082
7502
23334
38445
49099
15812
30995
1424
45727
27863
14553
28955
6002
9671
34944
33315
35278
14187
46686
49577
34992
32363
24761
5576
15532
13228
13997
14112
30700
28567
48026
18782
2420
37712
7226
1519
3523
4572
19294
15602
32434
199
10908
4787
9869
45852
38102
11499
26390
1139
11075
11381
33501
2187
33308
49033
31767
13656
13144
12466
8574
27521
47599
10993
15232
21176
28863
35107
25748
48157
17060
24533
48355
27967
29320
24575
40170
33773
36073
32911
34911
47147
10643
18411
15686
43950
33795
47452
7605
46938
26269
32530
24459
23868
43523
6042
11395
22385
7500
37142
36893
24559
28027
35247
2526
23698
9822
9047
7470
12246
41958
42380
9393
2600
27142
25078
12902
10937
38881
36858
24226
15149
19388
15036
5368
12910
37430
16763
1646
44929
20256
38539
19488
48282
40137
38365
21979
16310
47411
45800
28556
5720
38179
4300
24672
31673
45729
37573
8961
34609
24430
33186
49757
43817
14574
21477
23078
2003
38239
24724
46931
8494
29614
32770
23128
19750
21134
45106
36060
34897
40906
30967
6968
45436
35266
31639
43460
30994
35563
2420
15602
9993
1958
31710
20161
32883
3186
9591
34885
7776
34314
48167
16270
30279
30937
39397
28
18422
854
2439
19670
8111
33405
26638
19899
18670
24628
13358
16015
10191
32130
31616
20183
439
29678
6695
33321
49215
16285
34557
6991
16950
49075
39612
47228
30011
29008
13608
14785
46213
16046
34454
4324
15803
27443
24222
824
2071
3931
16839
28613
2412
14806
48795
2850
10835
21841
2522
10050
38126
3430
33392
21427
2505
23003
18655
48867
18362
48614
13651
14574
31011
14457
35249
46813
8251
25822
13989
26673
29753
30827
5285
48516
11984
20431
17718
22819
42272
20239
49220
46749
23669
48963
18175
26173
21965
3181
41391
6678
1794
5042
21251
32805
35850
22852
45969
44100
48673
9957
20773
44777
7135
42409
43293
35471
12840
11010
24641
5111
47600
23860
18211
37620
22822
36385
30144
11138
39566
21535
17815
7711
42928
5417
40515
28777
28268
2836
39228
26941
29144
26352
21717
2631
18761
31361
38101
31600
42370
12741
3062
6322
2952
21272
43941
25773
24008
24085
3262
13573
11971
37428
37636
4898
9196
44502
33674
37464
47337
22901
30756
26481
15605
18824
45463
34365
185
33563
15964
8906
46303
35377
15227
49254
6648
9168
41378
47007
49604
10991
10580
11574
48418
14567
16471
7613
9068
16496
11428
6405
5748
8535
49237
21352
27359
44699
5716
27543
44613
38031
2800
40915
39759
18027
6520
12758
43546
14249
9765
43149
25239
36696
21074
40008
1262
3896
13972
10329
20391
41752
33085
42490
286
32321
13842
43996
43371
35909
37890
37983
40292
40690
45249
30050
8716
18120
42808
18613
32368
2572
28113
23958
5619
49186
30317
6880
19433
44289
17208
39823
2392
16645
32312
19029
15317
12505
13025
8688
48414
914
13022
5057
41603
24623
35106
16670
42742
27913
35282
25110
46836
13394
15419
2454
28931
45736
25685
48363
6376
9245
4537
8767
25889
3201
44147
41205
15705
7171
49892
30470
8085
29266
35526
16039
3888
36984
32709
46629
31248
34342
38090
28084
47736
3509
46889
43018
15596
38926
41381
21971
48170
12269
47089
24058
15469
41235
15262
47526
14758
31506
27995
22842
10771
29873
38880
31010
16856
37940
43990
48103
22282
32080
42538
36369
1940
5779
29386
17535
44704
37118
5857
9225
49387
2945
33282
14855
10531
14895
12380
25288
46400
6727
14481
23522
2951
19713
4531
36158
7652
14873
34260
46285
46952
43150
32653
48891
15280
28391
32777
26335
15508
38633
35559
14894
7929
18840
46101
34811
33734
24832
10099
46486
47910
24579
20007
860
10643
40890
37017
18295
5762
37629
30931
19065
47130
13584
34307
12409
8326
17083
38743
23833
22067
24301
5079
29995
9492
1179
14805
43225
26010
41255
39710
23920
32186
26069
41131
42828
16958
44500
27474
39071
32128
8405
8135
45609
38340
42441
24369
46665
9523
13111
20497
31589
3763
25575
27935
29606
43105
9091
22830
35467
16698
28892
25738
48883
21312
16868
41710
38269
27719
35536
27339
26198
43940
35473
21806
32279
44265
46174
28943
3787
25636
15791
1727
45750
7718
46013
25355
822
21455
14537
2640
38152
43428
28377
3386
14739
11597
45096
19359
39315
46983
13049
15513
40922
14873
3670
23200
9137
49844
18494
29275
41831
34284
31001
37581
8353
43365
12935
25527
14819
27471
28166
19323
37250
22895
22708
18340
34491
34155
37698
40157
31137
17098
22021
22058
31970
25691
11609
7458
25534
30102
36732
33716
30738
34084
21296
39090
27448
34231
30968
8619
28053
9134
27941
15303
48380
648
33642
49222
1155
37692
39378
32291
4789
11399
4349
3111
3441
32309
10568
45326
12411
13652
29041
9500
47735
337
14941
41535
34567
45909
153
12619
21394
44445
44273
19773
11444
27915
18994
12598
31958
24723
11241
36746
2473
31941
6208
5913
14249
16776
1238
43011
46779
30279
2510
44513
30615
17451
2399
31533
29711
18903
10503
17456
13347
4776
37228
41143
49042
22573
3740
30999
47295
31332
34096
16120
13272
40304
22032
27521
23431
23270
20531
20209
3548
23041
31073
514
6843
33472
32046
2905
2374
8900
20360
32073
30027
23939
23215
29068
46511
43306
26418
10157
24638
26866
42628
37909
33521
14660
15429
6951
37929
2312
43511
7828
41704
24583
8341
14898
24406
6738
17802
26780
15637
4513
25204
45664
28451
48418
41083
41313
8075
17501
17821
32712
10718
10449
20621
44238
25108
2401
17540
29388
4712
11050
3567
46415
1984
11907
11312
42742
34996
45465
35873
632
49977
11076
12647
44779
9493
3730
36091
17567
37582
20264
16631
48299
30712
3603
8888
22171
22355
26427
17910
27067
3828
21476
39833
5811
49734
17497
14904
34729
29313
776
1712
45642
11851
14359
40420
37695
34440
42863
21614
38373
13126
38244
3023
10189
41846
11910
32359
14200
38336
268
7618
8515
38095
13803
30677
37828
47651
45581
22556
26963
46356
24267
22604
8207
38625
29376
45901
39416
22238
17514
27788
35363
22109
30810
45551
13954
9071
44261
44506
13758
10880
18475
22272
48974
48629
2949
36801
46279
48529
25708
39594
44884
49974
28549
19442
4951
7924
15343
10718
46513
49208
38506
31875
37669
35667
43777
17974
44738
38037
12479
8495
48916
47306
30767
14241
45934
33715
17393
8565
32243
43100
14510
43478
9426
9410
12920
30728
33686
44614
41445
30198
10173
29950
28425
47841
31969
22201
15815
26706
26590
44645
1552
41857
41950
32318
6098
4236
32384
39842
12800
30978
32942
43661
24456
8719
3070
3727
39446
36755
48340
30890
16953
24864
10840
45377
22705
9160
33929
38519
35865
10518
49515
37416
2375
41465
36086
8472
45700
18469
14665
24851
15799
47606
18511
40254
6324
37932
10332
45769
24687
8671
26659
7991
33534
3850
19719
22590
13009
3647
27460
15225
14165
26975
18992
16539
18439
21429
41362
30490
6250
6026
21692
22048
19984
6554
28653
42659
44485
38984
38428
35523
14006
31438
43513
13891
1639
13231
36481
30999
33230
13940
12575
47394
40914
47918
30284
25704
19347
37997
22545
25596
10374
44236
47643
30357
17141
26295
39368
11626
31630
44147
47148
45635
41936
7013
9525
43574
36595
46005
40924
19824
26297
19850
33569
33562
17767
13852
9266
37113
18200
31810
12708
28574
42398
26702
25282
9538
2996
14649
21163
977
8795
34663
46611
730
8027
6136
10655
44621
18492
17930
30797
11140
37779
14365
44702
5546
44569
3967
9010
12768
2128
21718
7693
44525
48419
32975
4063
17767
13975
41577
35095
39122
42591
31706
6203
16969
4193
16858
27942
39036
1139
8738
176
5270
39454
44877
27167
34022
48843
36176
13142
17322
24245
20834
11847
39016
20160
32261
6782
34135
23837
8228
23256
32780
39933
29458
49748
10477
12667
27689
49513
13806
2778
49688
19075
8584
10916
46241
42605
9758
48768
22098
27079
23013
42932
5277
12028
13091
37537
35161
13577
27726
43388
36832
26857
33321
16290
42956
10149
45308
36997
9661
9113
39774
25700
44539
48357
36615
7131
7314
12724
5899
29411
6155
28911
38694
11431
40938
18137
15320
26098
31713
9397
35837
34897
36253
19157
17538
29208
45658
12845
16204
21670
38310
5978
47370
49200
20686
336
6331
44351
13060
28581
40114
35566
23843
28807
13348
14780
13295
28667
7229
11360
38063
43065
46256
40667
28574
13793
19875
40583
42989
36078
12252
31298
8407
9621
30498
45445
26309
3180
39795
39368
31760
46260
41285
5602
41419
4632
36733
4713
49651
10313
16072
4065
19729
28679
44732
14654
42471
14606
5236
35460
17035
17488
33109
41794
27108
29958
37238
3416
33137
43384
9135
31248
39644
16771
3201
31062
21403
39933
2126
37405
16597
34550
41469
36326
13228
36200
979
22051
17157
6215
23862
544
23702
6970
42337
17161
36928
29574
36929
20064
39309
12415
17664
28952
29186
20864
26365
16940
27149
44843
4344
43745
29392
12164
46422
8971
48364
13753
31021
31872
19967
4882
32415
10020
28204
41103
43532
15131
20676
46812
1546
26337
9227
19209
21640
38412
6425
14357
21703
33573
9199
26046
43669
4942
38209
40091
13912
2924
3843
44933
1148
40161
16166
49914
16532
44369
41017
26415
9499
28044
23227
27397
4380
32453
46605
42372
37216
3029
6728
8918
2953
15926
1315
46622
20867
5875
36712
34778
25151
6906
46062
26298
13418
12228
42563
29949
6596
33579
6363
32447
27975
45941
9843
32354
44745
22799
24725
31960
42180
47804
7229
45132
13729
24895
8105
947
30770
44816
2077
5920
18073
48138
48569
31490
26717
41131
27790
49665
41062
505
48463
19036
46445
24657
17741
41190
47455
8818
39501
5986
6621
46730
17470
20350
37976
25574
21296
18745
36742
39724
41016
21166
37862
5936
2656
30930
47067
46797
30594
4480
47301
29056
23515
10098
3712
41255
17639
17519
72
7139
39856
6693
20220
7325
43394
8196
49251
31041
43292
35992
20765
34308
23509
24978
40243
26164
5907
3661
39313
36501
8140
2965
15556
48006
13062
35620
39261
30700
3138
5684
4191
42993
28728
40762
16670
22121
15309
15920
19514
8601
18263
40278
9260
41771
15255
15854
34287
21161
35867
23599
24013
10358
26563
5921
8364
5977
41540
13976
3028
11029
36011
23570
20373
14739
14332
3394
3211
45992
19313
22724
20944
3927
13001
30203
45698
44607
12409
46336
15768
14627
19934
6132
24984
12848
12052
49699
35176
19943
13674
38204
47323
49685
11773
17696
30775
42456
21089
33985
38448
6754
6709
9391
10680
36061
5946
22729
30668
34706
19064
12787
49332
5349
18918
24315
34549
30970
24014
19724
17264
4039
7927
14587
20075
36052
32282
849
44859
19722
1186
49658
26475
7894
25401
3507
43954
47698
26235
40973
32403
11651
3759
31734
16999
22677
22400
1547
19998
12765
37623
37261
33156
11901
18199
3230
47952
16832
20431
9163
36554
21616
8820
29380
45861
34220
32886
6166
31917
25473
47139
30671
37123
17249
28756
20473
39925
1156
22020
26274
30272
9642
29887
13427
37894
48085
16657
35846
14917
3439
11360
17822
41406
36531
47201
3618
37103
46439
9783
19019
38263
23273
16042
25385
6874
44797
45857
13150
45952
34228
39424
42576
10221
35662
6002
48115
33746
39010
312
15014
42448
28023
32835
33853
14553
46388
3822
1655
9178
29957
37026
47440
3229
3067
39176
26454
47863
35032
39604
10167
35612
45379
2742
12184
31040
25095
10298
31137
14105
26961
46151
6552
4983
45337
6757
19536
41724
10578
21190
901
40534
8215
14692
10115
27633
3867
36568
41848
5251
42523
2014
7214
37901
21107
19397
18940
46201
46047
77
10305
23007
46227
33209
44342
41563
6317
30229
49639
33246
17770
16891
23780
25985
47935
246
19969
1801
3165
11816
23403
45688
30181
30616
33588
1287
13
2528
13840
12411
18956
40496
1769
15182
40056
46110
23096
46372
26338
39086
29618
44108
22329
19749
36444
20263
19994
22764
38415
39510
34580
11818
35197
14760
42433
35137
32399
8797
37664
12590
37559
22971
3085
39328
38152
9493
35437
27599
5864
28127
33037
1833
38586
5365
21581
41381
41979
7926
14144
30393
47436
48723
8562
48984
29835
17347
34120
28585
42495
38135
41174
30054
11105
10610
19381
15608
20102
21169
9559
42318
49295
42595
44150
4232
14311
32083
11964
6289
6360
26108
3033
20147
41182
11595
19131
37368
45293
19602
15952
37787
7737
7125
17840
35193
34087
37220
801
4188
8389
10359
46505
24035
19305
7007
44619
49967
39089
6582
22607
11800
32689
25639
31947
40223
3585
1077
27590
48877
37030
9894
36664
11118
33370
20855
46311
17456
8075
13463
37996
32815
23821
34500
6849
9477
7858
17819
9443
13298
24401
48401
25098
23441
24039
7044
30015
43976
24472
23957
9204
11501
33850
12219
22619
17219
33074
18929
34675
41148
32391
22670
40314
22563
23521
13514
48391
47731
31333
24185
11028
22085
22585
36125
11877
12975
43168
41892
23302
33991
15848
32506
45492
49697
11076
34462
33267
44149
19742
34293
1648
18484
23314
41961
7398
13187
5475
5788
10917
3159
46324
21944
25243
18908
24421
37119
48234
33940
29010
21536
17931
11209
20393
29774
27257
31468
14235
10524
25617
328
44816
43616
18811
34482
35577
26208
47668
7403
48347
8584
10561
11022
46879
2155
46281
21299
39273
44514
5239
34635
32401
23169
45843
2793
2942
39452
34261
33528
49975
26229
33855
11142
36196
19017
45623
38124
45224
43290
45526
9922
18225
22438
20943
15104
24592
17223
36402
30217
28088
41640
31203
10489
31160
43397
29633
453
32848
30245
33980
32822
22825
34186
10316
9021
3202
22290
47144
14777
15580
9022
24698
156
31459
11992
15259
22403
45566
18013
2619
40006
9652
33821
494
7164
27217
46478
7616
10065
26723
7948
9238
49547
8485
35905
8567
11687
8195
22063
26463
40126
31084
17513
40281
12542
45856
5540
1296
7774
23552
20266
47779
49555
4086
14624
23070
47655
11101
30686
24071
37823
4985
49660
3722
13469
35565
12288
41507
10111
34350
17970
236
31785
1834
40516
44327
14041
12407
11974
21814
35958
32240
35944
1865
2677
567
24934
331
28020
21971
40753
15842
26955
40413
35915
6776
42329
48203
48282
2439
48904
32603
2674
30689
788
43189
41367
14829
21948
3340
2994
7905
35579
38938
26121
38256
39504
17407
4938
33875
39377
45691
16069
32684
2455
1983
39459
44783
185
4092
47221
15441
36695
16246
46129
37482
25786
3847
2310
47733
7186
5304
21990
9117
10593
48110
13724
16448
15516
18661
323
21245
30703
16391
3928
33157
18373
9738
27939
34910
13829
41511
350
523
24108
12830
4357
49894
16676
23018
13978
23861
44673
35967
49329
5265
429
13052
21713
32296
31713
22035
19892
28767
38425
23819
11924
23149
49908
6214
8058
13737
14077
24759
30611
38184
37588
34967
4429
4263
7985
34759
44476
2657
37077
43804
24274
37505
6856
45986
36153
4920
18020
6044
33686
22796
46215
11961
45944
46122
18175
20354
9858
32251
45112
6821
36786
32700
8139
7567
3314
16123
42325
47789
35132
29401
7945
9405
33258
14800
21742
19410
36071
39761
41805
36108
28908
38019
48069
41203
493
32595
11556
26702
31197
23020
33522
17982
22071
41661
25548
25384
24135
34224
23173
25618
13625
47469
35022
46882
12268
23115
32643
14690
29227
40799
17149
8134
28818
31569
49337
45662
14163
27244
22363
11711
263
5885
46045
38685
13897
37944
14069
38031
22168
3593
13649
35792
1061
15022
49025
29680
38137
48019
10721
17363
38817
27869
41849
17634
9438
7537
29647
39952
34780
2010
1663
1395
7894
47707
40079
21790
35650
20499
26172
24169
24091
39820
9960
41503
21194
25336
21182
9330
23354
31902
43044
12171
9771
34892
46156
35560
42428
25803
41863
43560
27812
43525
44954
2057
7583
1384
40198
9585
38235
16369
33753
12325
22541
10065
20180
43734
35400
41361
19415
8754
39615
12458
20924
15737
47350
33431
1296
6129
9233
43158
49688
3396
3035
10993
5452
26969
28729
12001
36553
16963
44722
36658
45639
17262
46722
15818
27347
32121
7179
46761
7226
13145
9218
44501
28881
22919
27932
46528
29048
37164
6037
45087
6912
25423
6080
12363
2392
34808
40716
38944
1770
35437
25601
47408
2698
38674
29578
30044
20795
3108
26804
44372
16252
2373
38873
45132
25292
16804
8011
20691
20319
14047
15777
27230
5822
21856
5945
8213
23015
46660
13508
41136
32096
5461
4896
34793
44134
34473
31188
31280
37580
24343
25652
3831
26715
14524
15314
18358
47679
39676
39048
17997
3722
21177
11579
25895
43032
17523
34107
32399
14182
47615
23534
12629
19427
44781
13773
13560
29253
44960
44840
33184
19302
36843
37014
46016
1366
18679
30726
15396
8354
19773
33392
28428
40949
11322
4322
333
28844
4781
32731
9377
2395
22616
22005
21821
17397
35777
1732
13001
47088
12923
46185
16389
49765
49550
28757
17482
34581
9482
32877
42934
45606
16269
37713
36555
43942
8387
3239
22786
13167
2321
48514
31913
24936
36871
20085
8684
38999
21816
38037
36087
1091
573
18827
855
122
47583
18337
34702
23416
1213
43988
19022
33833
48052
21928
27775
6438
25166
16912
35956
27486
15425
17868
18773
2295
37952
43809
7646
26120
48197
43732
27210
48769
12558
28064
48890
26493
12752
49944
49908
30317
10283
35281
14149
8334
23560
8275
31124
48725
41538
17079
42562
6963
34947
27687
25609
39250
37847
33254
31721
36043
43337
8930
34811
5895
3346
52
48739
16097
16347
14998
12765
26629
279
43266
1315
23838
1540
32438
38915
43078
49516
47828
16392
814
25514
8352
40064
13360
7958
21784
15754
1294
47066
564
23540
411
16968
22278
32859
33314
37276
11976
26295
3906
5241
27609
44095
6780
10046
33009
16209
25913
30837
48952
26727
22702
7304
33142
2414
31613
4925
18167
49258
18342
35083
22798
35104
2050
11427
34315
1715
15054
46290
28009
35311
1530
5617
29406
24661
32014
28766
40870
7927
25954
6173
34653
15008
29828
17794
17421
11440
39070
1939
10698
23764
37021
49847
8867
5422
27625
43181
23489
9031
39470
1497
44341
7351
23466
40098
32012
5479
35216
39233
13405
27521
45405
14409
42528
25233
48554
9948
3024
37624
11887
30073
11387
15259
29919
36605
37033
23896
29786
10521
49278
35607
28369
9970
42958
1834
68
24969
23665
1635
30553
37069
29155
25957
17830
21683
1189
16383
47982
4213
20358
26220
637
31744
41479
46908
34701
44863
20803
14486
5383
20080
16444
103
30049
9401
1937
46468
721
25601
48102
47625
29021
43609
23582
13202
15291
41122
29585
29624
11686
49942
5844
12323
48038
13674
9230
32738
8536
30032
13575
30270
16463
30018
30372
12863
5771
32308
25683
22843
24260
23784
20468
19633
33744
44049
32834
49034
1522
28770
28658
13208
28712
853
25530
26749
14526
34759
25838
23061
31142
39412
3330
13956
35781
33701
43170
41551
32361
18852
14394
22972
8988
1213
42604
42731
11613
41790
8117
13134
20559
36774
26341
15622
37626
18222
8722
18503
19332
34559
41563
16825
40322
44892
30780
26103
44944
23950
17653
27304
9153
48398
16628
18140
15962
9231
10871
27574
17372
18987
40708
4283
22112
17048
19904
26089
35270
28626
44591
20953
29536
36153
37778
19858
47396
18557
45960
8691
8858
29964
35995
18011
44714
18974
2502
10675
44556
13372
38249
11928
48710
28956
32562
20821
12355
2465
13261
13976
47442
7851
34929
43330
10355
22706
13187
24102
7614
25498
32793
32824
21813
35139
17186
16526
4112
19687
43553
48667
49411
31801
26946
48120
27108
9507
35293
5814
11972
48553
36142
25765
6404
21070
19094
33110
10127
32280
7212
34092
24129
40004
16915
45942
25142
452
28819
29253
20139
22371
44271
35901
20523
21217
34020
13982
30723
19312
19796
9046
34217
22289
34811
40620
43358
3904
23729
19836
2536
30940
20279
43016
37295
3546
38957
12436
3997
34128
8040
40487
6498
18663
26387
27021
39879
26759
7354
20601
12422
27149
45999
46638
49437
30809
37257
9146
1064
27338
45333
19951
24629
15612
12967
11924
19157
18275
40711
39505
2402
15103
29992
25252
33765
22730
18624
39995
49488
25977
26947
11910
19478
22945
8547
35266
3753
12156
44412
21169
5845
6096
41119
30473
38059
20437
8748
23567
5064
49459
13072
23817
30913
9415
49068
14677
32144
17691
4671
47984
10020
47969
9893
29497
20914
34791
14762
24666
13298
25525
12186
19142
31621
3305
49615
19679
40093
8362
43246
45156
24172
22669
18973
5084
32083
34392
36112
30578
2083
7134
28561
12102
5103
4805
7950
26016
5948
22711
17033
19245
48236
45571
38387
46208
48875
4353
15886
5319
29066
25483
475
19590
48151
35799
24673
46585
20190
27137
27163
38624
622
5723
725
22076
10528
25026
48091
16475
47737
31476
2071
12324
27046
40457
8531
42272
11161
24416
13942
40227
16251
14416
9816
30753
16566
840
27338
36756
44328
4500
25379
44950
10222
42456
17025
37101
17481
31468
19927
15217
29295
21998
43892
22692
28806
2422
31315
39967
43190
45256
30193
9440
26024
6360
40192
42589
23551
17529
29344
17879
38380
4723
29180
14954
13530
46204
2054
31010
44023
38333
12579
23317
10330
6470
12360
39135
8892
43674
29101
2081
38930
25645
11520
14953
48356
18063
7541
21907
1944
3237
6137
40323
7959
35316
5276
21488
47871
23682
18849
8246
12014
31427
31562
22343
4249
10274
27829
13140
3947
6930
31572
9228
48926
9443
24180
47282
27505
48073
35540
29448
1309
41676
36123
25619
43343
41398
13458
41213
31431
32306
49458
43444
30085
47372
32138
34333
23997
9967
47472
27943
16896
45395
37171
32173
4837
27702
29454
32341
42126
31345
28141
9786
23020
14263
35404
32714
22012
48861
40279
3443
47519
39736
13238
27603
3459
45376
11935
27455
5342
25758
21750
22237
21152
25272
4409
42340
19325
215
24680
11451
31559
19172
37588
20931
33434
22992
3644
21798
38204
43922
41592
35722
10
4829
29676
19820
204
7962
13627
5545
71
35376
44133
37574
26999
14894
29913
46323
31460
20945
24125
29370
40116
11713
300
39902
1056
20296
11699
39259
14217
19642
41333
30578
24470
37360
398
41026
45322
14024
46570
11744
15751
7055
49318
42749
38300
29230
39071
19759
174
29548
49128
6642
41260
49428
46543
42315
19723
24593
47925
291
44234
39257
30869
18703
42969
31266
9728
38290
11641
22650
16385
27391
29704
15702
20139
18003
11284
25561
4113
27809
21460
3240
34450
12719
19019
30992
21385
5093
5584
19310
21736
49817
24918
2604
34872
17886
221
44599
22527
28213
33600
38912
21955
29655
20965
8445
14009
32248
34005
18121
10057
5465
37713
10858
34535
23083
8202
22272
28176
13785
7933
16263
29954
49202
35218
14825
33440
1790
25775
5966
30002
9375
11229
1956
39029
48546
10400
3038
30793
10756
37510
7201
32572
25222
34411
33459
48305
42612
5730
42832
6396
13662
9094
2701
12863
10663
33877
46302
12452
26004
18620
8805
35378
46200
10760
40758
44745
37511
10147
41890
14618
14009
49090
47190
39230
49852
30648
3886
42463
2729
13069
15211
16390
38514
17911
45604
49176
1788
8258
11627
44143
43229
20431
29520
39428
47542
36629
525
35052
13128
42414
16022
27136
7855
13211
32717
7707
10210
2955
169
12938
16023
15379
45679
4537
49642
7634
3712
17781
15891
31691
11923
25471
2121
7794
14899
16015
10774
15423
1066
23901
24188
33439
17388
32042
46649
16457
39748
23210
19411
6269
36147
1785
21647
48177
6321
37640
5811
26385
5420
38053
8075
17342
13524
26547
25135
44774
42561
35909
10196
9979
26161
735
43417
9901
32776
40066
26357
38876
29627
12119
11496
15774
13903
49494
13950
20224
37134
36112
46608
42553
24165
21034
26247
37688
47580
1381
32461
40141
3641
9008
119
46154
26094
9887
6054
25221
16304
48762
14096
45931
10880
41943
11704
24782
41437
42005
45005
28570
44469
7964
37474
18633
28997
13720
22672
42929
31453
21484
33069
1445
46843
49539
47598
22936
25777
20003
48156
42081
18764
28604
38011
29643
20546
16066
20777
11982
24422
32133
6903
18890
40097
44377
3874
35445
24448
26545
44725
5900
14380
44145
7345
11222
10035
21294
509
35812
41297
15017
27892
26412
9972
15902
22407
30517
48319
43183
8851
22740
25315
32105
7982
31763
26481
11855
17208
17281
4752
11932
23180
19131
22429
46876
46705
32463
18170
13565
18274
25818
28581
46165
2229
38552
28418
40987
35421
43088
34169
10623
15828
9484
42727
23809
41246
35560
2015
24805
2840
6766
3089
26019
25897
25517
39247
38953
7979
23768
2517
26253
49585
47450
38769
18165
36001
33539
9152
37773
26626
43320
48395
8805
19155
41122
32613
26753
26681
34628
1557
45872
7745
20997
38242
33641
46513
27488
38945
20844
1255
41462
13448
839
38911
2216
35356
41263
2106
10859
29036
28732
20530
27430
37536
39685
34903
36501
16437
27935
37480
34345
23806
45224
5342
12048
45217
18206
39535
34161
5401
40790
41974
18848
7980
47236
37416
9687
38499
39521
20545
33886
34604
41075
11315
38492
47111
12570
24992
13547
40504
28823
14243
14310
40398
19584
42709
1966
4142
32243
36127
9542
39384
44452
28390
13716
41688
32157
39754
30186
21677
10299
14071
22633
17725
41737
11124
14835
4306
2467
28381
11162
47641
8975
25471
38038
28559
34531
40004
49052
16773
42482
8593
22509
36933
3334
2576
44972
1842
42329
25157
39871
18979
5579
12503
36703
13668
23626
1537
34325
42444
46269
45486
40084
5244
37308
44473
154
21838
34476
15557
4963
43309
24149
27471
46594
43835
46398
41565
45676
5078
33074
35546
24057
38652
14400
27111
18671
4377
45000
2996
46820
41268
48481
3255
12863
35789
47728
29368
7626
48555
44924
12588
41864
35425
6410
4809
45611
19159
46373
7638
24237
29446
43184
14645
34450
7583
41755
3120
11960
36754
6115
25131
44374
20948
28386
23588
6736
42465
19308
30713
41019
14231
9653
49234
16007
16062
4042
11617
35221
16767
19255
25809
46212
28790
40453
30661
2724
32207
133
31035
35313
22599
6166
46038
43546
903
19625
16633
43367
38932
47346
34385
19515
6998
49971
35521
39411
4012
13490
24631
37130
32744
439
33342
27885
7243
30354
30608
39450
30486
11643
41114
3085
34160
37151
12982
1414
23127
29615
44780
28411
26960
45516
47925
33957
45486
49797
23367
15850
13286
14350
2979
12381
31140
2672
6617
38383
33026
37225
44184
29863
15219
35297
49299
15730
38799
12281
17143
11925
41895
28274
6687
35206
23789
4611
35514
35627
20760
25232
17828
397
39581
37158
29130
37073
6182
35746
41807
5559
39322
35990
35421
20892
37638
1072
36621
26436
29704
20115
4712
21598
48388
11399
23155
38529
32361
8668
40507
19472
33899
24686
19869
39832
11843
48998
43256
18024
34743
35062
39934
40417
21051
25355
11308
25040
42778
14281
17827
22481
34395
38890
10430
49135
16640
33584
37663
49001
42251
44521
18472
42501
19206
4692
48684
47400
3689
41939
31776
4784
27000
21709
45200
14402
13415
22859
5793
6192
37139
23619
28672
21534
12509
39101
20668
29148
22684
24682
44500
31286
35554
29324
40139
4759
34015
38822
2158
4056
30761
285
25191
24112
21994
36742
4866
35408
9600
10658
7952
46739
34277
36623
18272
13137
42076
5291
42284
31111
46324
3136
28749
31877
32459
18887
2987
32825
7708
5144
3232
4820
5429
28422
28932
43774
31515
33797
29181
41115
10806
37132
37853
45082
40107
22476
24570
32182
44118
16854
29644
40441
36341
8392
38669
35151
27278
41655
17975
34986
46798
37559
39805
18578
32332
35088
12351
13847
35236
7884
4961
46042
11367
42813
7475
17825
31640
32045
6
25757
15250
46002
32549
1590
4393
21217
36740
31671
12871
21066
33008
26020
8624
39164
44598
40956
24252
23300
4802
25839
47535
9762
21880
25254
18926
29355
43078
16917
11399
43084
42673
26648
5437
25221
28237
9829
46437
31328
41499
9307
2393
40858
35326
11017
30022
46275
18324
20625
35927
23125
46463
33461
49238
34695
8714
34515
14049
1792
1431
25447
11227
10455
18446
16663
35675
13034
42843
48463
44361
694
24121
46753
41551
9446
24121
37924
22073
42444
8548
7999
31920
21363
7811
47509
6057
32877
32023
20105
1020
33453
11903
28598
43907
46700
45260
45933
9733
4454
44395
4093
5147
18515
17197
46698
44313
41318
973
16385
113
9521
40735
32033
47235
48545
29541
3291
47773
27916
39747
48792
27720
18001
27389
21627
14700
39000
33911
24432
43454
28306
44876
14952
13172
12072
11649
23836
19741
28974
6572
19854
4846
47306
18238
2080
12203
14130
21722
26327
42045
27820
25119
19765
45820
2507
7743
26871
7859
41653
17654
1312
36310
12529
16263
15834
40952
44264
39669
10693
39589
12593
30546
44434
26250
48783
46513
4804
29264
18234
31131
21309
12405
6249
7425
8224
25107
15167
1446
32965
23171
35451
628
9481
47979
33243
41666
5282
43858
47686
15974
33446
10278
12871
27879
36528
28005
40743
41331
7269
25328
22461
28577
37732
45061
36001
12307
20168
17519
13752
19484
40689
49202
36464
16521
13532
36058
8186
18813
46267
5872
